   3.0000000e-01
   6.0000000e-01
   9.0000000e-01
   1.2000000e+00
   1.5000000e+00
   1.8000000e+00
   2.1000000e+00
   2.4000000e+00
   2.7000000e+00
   3.0000000e+00
   3.3000000e+00
   3.6000000e+00
   3.9000000e+00
   4.2000000e+00
   4.5000000e+00
   4.8000000e+00
   5.1000000e+00
   5.4000000e+00
   5.7000000e+00
   6.0000000e+00
   6.3000000e+00
   6.6000000e+00
   6.9000000e+00
   7.2000000e+00
   7.5000000e+00
   7.8000000e+00
   8.1000000e+00
   8.4000000e+00
   8.7000000e+00
   9.0000000e+00
   9.3000000e+00
   9.6000000e+00
   9.9000000e+00
   1.0200000e+01
   1.0500000e+01
   1.0800000e+01
   1.1100000e+01
   1.1400000e+01
   1.1700000e+01
   1.2000000e+01
   1.2300000e+01
   1.2600000e+01
   1.2900000e+01
   1.3200000e+01
   1.3500000e+01
   1.3800000e+01
   1.4100000e+01
   1.4400000e+01
   1.4700000e+01
   1.5000000e+01
   1.5300000e+01
   1.5600000e+01
   1.5900000e+01
   1.6200000e+01
   1.6500000e+01
   1.6800000e+01
   1.7100000e+01
   1.7400000e+01
   1.7700000e+01
   1.8000000e+01
   1.8300000e+01
   1.8600000e+01
   1.8900000e+01
   1.9200000e+01
   1.9500000e+01
   1.9800000e+01
   2.0100000e+01
   2.0400000e+01
   2.0700000e+01
   2.1000000e+01
   2.1300000e+01
   2.1600000e+01
   2.1900000e+01
   2.2200000e+01
   2.2500000e+01
   2.2800000e+01
   2.3100000e+01
   2.3400000e+01
   2.3700000e+01
   2.4000000e+01
   2.4300000e+01
   2.4600000e+01
   2.4900000e+01
   2.5200000e+01
   2.5500000e+01
   2.5800000e+01
   2.6100000e+01
   2.6400000e+01
   2.6700000e+01
   2.7000000e+01
   2.7300000e+01
   2.7600000e+01
   2.7900000e+01
   2.8200000e+01
   2.8500000e+01
   2.8800000e+01
   2.9100000e+01
   2.9400000e+01
   2.9700000e+01
   3.0000000e+01
   3.0300000e+01
   3.0600000e+01
   3.0900000e+01
   3.1200000e+01
   3.1500000e+01
   3.1800000e+01
   3.2100000e+01
   3.2400000e+01
   3.2700000e+01
   3.3000000e+01
   3.3300000e+01
   3.3600000e+01
   3.3900000e+01
   3.4200000e+01
   3.4500000e+01
   3.4800000e+01
   3.5100000e+01
   3.5400000e+01
   3.5700000e+01
   3.6000000e+01
   3.6300000e+01
   3.6600000e+01
   3.6900000e+01
   3.7200000e+01
   3.7500000e+01
   3.7800000e+01
   3.8100000e+01
   3.8400000e+01
   3.8700000e+01
   3.9000000e+01
   3.9300000e+01
   3.9600000e+01
   3.9900000e+01
   4.0200000e+01
   4.0500000e+01
   4.0800000e+01
   4.1100000e+01
   4.1400000e+01
   4.1700000e+01
   4.2000000e+01
   4.2300000e+01
   4.2600000e+01
   4.2900000e+01
   4.3200000e+01
   4.3500000e+01
   4.3800000e+01
   4.4100000e+01
   4.4400000e+01
   4.4700000e+01
   4.5000000e+01
   4.5300000e+01
   4.5600000e+01
   4.5900000e+01
   4.6200000e+01
   4.6500000e+01
   4.6800000e+01
   4.7100000e+01
   4.7400000e+01
   4.7700000e+01
   4.8000000e+01
   4.8300000e+01
   4.8600000e+01
   4.8900000e+01
   4.9200000e+01
   4.9500000e+01
   4.9800000e+01
   5.0100000e+01
   5.0400000e+01
   5.0700000e+01
   5.1000000e+01
   5.1300000e+01
   5.1600000e+01
   5.1900000e+01
   5.2200000e+01
   5.2500000e+01
   5.2800000e+01
   5.3100000e+01
   5.3400000e+01
   5.3700000e+01
   5.4000000e+01
   5.4300000e+01
   5.4600000e+01
   5.4900000e+01
   5.5200000e+01
   5.5500000e+01
   5.5800000e+01
   5.6100000e+01
   5.6400000e+01
   5.6700000e+01
   5.7000000e+01
   5.7300000e+01
   5.7600000e+01
   5.7900000e+01
   5.8200000e+01
   5.8500000e+01
   5.8800000e+01
   5.9100000e+01
   5.9400000e+01
   5.9700000e+01
   6.0000000e+01
   6.0300000e+01
   6.0600000e+01
   6.0900000e+01
   6.1200000e+01
   6.1500000e+01
   6.1800000e+01
   6.2100000e+01
   6.2400000e+01
   6.2700000e+01
   6.3000000e+01
   6.3300000e+01
   6.3600000e+01
   6.3900000e+01
   6.4200000e+01
   6.4500000e+01
   6.4800000e+01
   6.5100000e+01
   6.5400000e+01
   6.5700000e+01
   6.6000000e+01
   6.6300000e+01
   6.6600000e+01
   6.6900000e+01
   6.7200000e+01
   6.7500000e+01
   6.7800000e+01
   6.8100000e+01
   6.8400000e+01
   6.8700000e+01
   6.9000000e+01
   6.9300000e+01
   6.9600000e+01
   6.9900000e+01
   7.0200000e+01
   7.0500000e+01
   7.0800000e+01
   7.1100000e+01
   7.1400000e+01
   7.1700000e+01
   7.2000000e+01
   7.2300000e+01
   7.2600000e+01
   7.2900000e+01
   7.3200000e+01
   7.3500000e+01
   7.3800000e+01
   7.4100000e+01
   7.4400000e+01
   7.4700000e+01
   7.5000000e+01
   7.5300000e+01
   7.5600000e+01
   7.5900000e+01
   7.6200000e+01
   7.6500000e+01
   7.6800000e+01
   7.7100000e+01
   7.7400000e+01
   7.7700000e+01
   7.8000000e+01
   7.8300000e+01
   7.8600000e+01
   7.8900000e+01
   7.9200000e+01
   7.9500000e+01
   7.9800000e+01
   8.0100000e+01
   8.0400000e+01
   8.0700000e+01
   8.1000000e+01
   8.1300000e+01
   8.1600000e+01
   8.1900000e+01
   8.2200000e+01
   8.2500000e+01
   8.2800000e+01
   8.3100000e+01
   8.3400000e+01
   8.3700000e+01
   8.4000000e+01
   8.4300000e+01
   8.4600000e+01
   8.4900000e+01
   8.5200000e+01
   8.5500000e+01
   8.5800000e+01
   8.6100000e+01
   8.6400000e+01
   8.6700000e+01
   8.7000000e+01
   8.7300000e+01
   8.7600000e+01
   8.7900000e+01
   8.8200000e+01
   8.8500000e+01
   8.8800000e+01
   8.9100000e+01
   8.9400000e+01
   8.9700000e+01
   9.0000000e+01
   9.0300000e+01
   9.0600000e+01
   9.0900000e+01
   9.1200000e+01
   9.1500000e+01
   9.1800000e+01
   9.2100000e+01
   9.2400000e+01
   9.2700000e+01
   9.3000000e+01
   9.3300000e+01
   9.3600000e+01
   9.3900000e+01
   9.4200000e+01
   9.4500000e+01
   9.4800000e+01
   9.5100000e+01
   9.5400000e+01
   9.5700000e+01
   9.6000000e+01
   9.6300000e+01
   9.6600000e+01
   9.6900000e+01
   9.7200000e+01
   9.7500000e+01
   9.7800000e+01
   9.8100000e+01
   9.8400000e+01
   9.8700000e+01
   9.9000000e+01
   9.9300000e+01
   9.9600000e+01
   9.9900000e+01
   1.0020000e+02
   1.0050000e+02
   1.0080000e+02
   1.0110000e+02
   1.0140000e+02
   1.0170000e+02
   1.0200000e+02
   1.0230000e+02
   1.0260000e+02
   1.0290000e+02
   1.0320000e+02
   1.0350000e+02
   1.0380000e+02
   1.0410000e+02
   1.0440000e+02
   1.0470000e+02
   1.0500000e+02
   1.0530000e+02
   1.0560000e+02
   1.0590000e+02
   1.0620000e+02
   1.0650000e+02
   1.0680000e+02
   1.0710000e+02
   1.0740000e+02
   1.0770000e+02
   1.0800000e+02
   1.0830000e+02
   1.0860000e+02
   1.0890000e+02
   1.0920000e+02
   1.0950000e+02
   1.0980000e+02
   1.1010000e+02
   1.1040000e+02
   1.1070000e+02
   1.1100000e+02
   1.1130000e+02
   1.1160000e+02
   1.1190000e+02
   1.1220000e+02
   1.1250000e+02
   1.1280000e+02
   1.1310000e+02
   1.1340000e+02
   1.1370000e+02
   1.1400000e+02
   1.1430000e+02
   1.1460000e+02
   1.1490000e+02
   1.1520000e+02
   1.1550000e+02
   1.1580000e+02
   1.1610000e+02
   1.1640000e+02
   1.1670000e+02
   1.1700000e+02
   1.1730000e+02
   1.1760000e+02
   1.1790000e+02
   1.1820000e+02
   1.1850000e+02
   1.1880000e+02
   1.1910000e+02
   1.1940000e+02
   1.1970000e+02
   1.2000000e+02
   1.2030000e+02
   1.2060000e+02
   1.2090000e+02
   1.2120000e+02
   1.2150000e+02
   1.2180000e+02
   1.2210000e+02
   1.2240000e+02
   1.2270000e+02
   1.2300000e+02
   1.2330000e+02
   1.2360000e+02
   1.2390000e+02
   1.2420000e+02
   1.2450000e+02
   1.2480000e+02
   1.2510000e+02
   1.2540000e+02
   1.2570000e+02
   1.2600000e+02
   1.2630000e+02
   1.2660000e+02
   1.2690000e+02
   1.2720000e+02
   1.2750000e+02
   1.2780000e+02
   1.2810000e+02
   1.2840000e+02
   1.2870000e+02
   1.2900000e+02
   1.2930000e+02
   1.2960000e+02
   1.2990000e+02
   1.3020000e+02
   1.3050000e+02
   1.3080000e+02
   1.3110000e+02
   1.3140000e+02
   1.3170000e+02
   1.3200000e+02
   1.3230000e+02
   1.3260000e+02
   1.3290000e+02
   1.3320000e+02
   1.3350000e+02
   1.3380000e+02
   1.3410000e+02
   1.3440000e+02
   1.3470000e+02
   1.3500000e+02
   1.3530000e+02
   1.3560000e+02
   1.3590000e+02
   1.3620000e+02
   1.3650000e+02
   1.3680000e+02
   1.3710000e+02
   1.3740000e+02
   1.3770000e+02
   1.3800000e+02
   1.3830000e+02
   1.3860000e+02
   1.3890000e+02
   1.3920000e+02
   1.3950000e+02
   1.3980000e+02
   1.4010000e+02
   1.4040000e+02
   1.4070000e+02
   1.4100000e+02
   1.4130000e+02
   1.4160000e+02
   1.4190000e+02
   1.4220000e+02
   1.4250000e+02
   1.4280000e+02
   1.4310000e+02
   1.4340000e+02
   1.4370000e+02
   1.4400000e+02
   1.4430000e+02
   1.4460000e+02
   1.4490000e+02
   1.4520000e+02
   1.4550000e+02
   1.4580000e+02
   1.4610000e+02
   1.4640000e+02
   1.4670000e+02
   1.4700000e+02
   1.4730000e+02
   1.4760000e+02
   1.4790000e+02
   1.4820000e+02
   1.4850000e+02
   1.4880000e+02
   1.4910000e+02
   1.4940000e+02
   1.4970000e+02
   1.5000000e+02
   1.5030000e+02
   1.5060000e+02
   1.5090000e+02
   1.5120000e+02
   1.5150000e+02
   1.5180000e+02
   1.5210000e+02
   1.5240000e+02
   1.5270000e+02
   1.5300000e+02
   1.5330000e+02
   1.5360000e+02
   1.5390000e+02
   1.5420000e+02
   1.5450000e+02
   1.5480000e+02
   1.5510000e+02
   1.5540000e+02
   1.5570000e+02
   1.5600000e+02
   1.5630000e+02
   1.5660000e+02
   1.5690000e+02
   1.5720000e+02
   1.5750000e+02
   1.5780000e+02
   1.5810000e+02
   1.5840000e+02
   1.5870000e+02
   1.5900000e+02
   1.5930000e+02
   1.5960000e+02
   1.5990000e+02
   1.6020000e+02
   1.6050000e+02
   1.6080000e+02
   1.6110000e+02
   1.6140000e+02
   1.6170000e+02
   1.6200000e+02
   1.6230000e+02
   1.6260000e+02
   1.6290000e+02
   1.6320000e+02
   1.6350000e+02
   1.6380000e+02
   1.6410000e+02
   1.6440000e+02
   1.6470000e+02
   1.6500000e+02
   1.6530000e+02
   1.6560000e+02
   1.6590000e+02
   1.6620000e+02
   1.6650000e+02
   1.6680000e+02
   1.6710000e+02
   1.6740000e+02
   1.6770000e+02
   1.6800000e+02
   1.6830000e+02
   1.6860000e+02
   1.6890000e+02
   1.6920000e+02
   1.6950000e+02
   1.6980000e+02
   1.7010000e+02
   1.7040000e+02
   1.7070000e+02
   1.7100000e+02
   1.7130000e+02
   1.7160000e+02
   1.7190000e+02
   1.7220000e+02
   1.7250000e+02
   1.7280000e+02
   1.7310000e+02
   1.7340000e+02
   1.7370000e+02
   1.7400000e+02
   1.7430000e+02
   1.7460000e+02
   1.7490000e+02
   1.7520000e+02
   1.7550000e+02
   1.7580000e+02
   1.7610000e+02
   1.7640000e+02
   1.7670000e+02
   1.7700000e+02
   1.7730000e+02
   1.7760000e+02
   1.7790000e+02
   1.7820000e+02
   1.7850000e+02
   1.7880000e+02
   1.7910000e+02
   1.7940000e+02
   1.7970000e+02
   1.8000000e+02
   1.8030000e+02
   1.8060000e+02
   1.8090000e+02
   1.8120000e+02
   1.8150000e+02
   1.8180000e+02
   1.8210000e+02
   1.8240000e+02
   1.8270000e+02
   1.8300000e+02
   1.8330000e+02
   1.8360000e+02
   1.8390000e+02
   1.8420000e+02
   1.8450000e+02
   1.8480000e+02
   1.8510000e+02
   1.8540000e+02
   1.8570000e+02
   1.8600000e+02
   1.8630000e+02
   1.8660000e+02
   1.8690000e+02
   1.8720000e+02
   1.8750000e+02
   1.8780000e+02
   1.8810000e+02
   1.8840000e+02
   1.8870000e+02
   1.8900000e+02
   1.8930000e+02
   1.8960000e+02
   1.8990000e+02
   1.9020000e+02
   1.9050000e+02
   1.9080000e+02
   1.9110000e+02
   1.9140000e+02
   1.9170000e+02
   1.9200000e+02
   1.9230000e+02
   1.9260000e+02
   1.9290000e+02
   1.9320000e+02
   1.9350000e+02
   1.9380000e+02
   1.9410000e+02
   1.9440000e+02
   1.9470000e+02
   1.9500000e+02
   1.9530000e+02
   1.9560000e+02
   1.9590000e+02
   1.9620000e+02
   1.9650000e+02
   1.9680000e+02
   1.9710000e+02
   1.9740000e+02
   1.9770000e+02
   1.9800000e+02
   1.9830000e+02
   1.9860000e+02
   1.9890000e+02
   1.9920000e+02
   1.9950000e+02
   1.9980000e+02
   2.0010000e+02
   2.0040000e+02
   2.0070000e+02
   2.0100000e+02
   2.0130000e+02
   2.0160000e+02
   2.0190000e+02
   2.0220000e+02
   2.0250000e+02
   2.0280000e+02
   2.0310000e+02
   2.0340000e+02
   2.0370000e+02
   2.0400000e+02
   2.0430000e+02
   2.0460000e+02
   2.0490000e+02
   2.0520000e+02
   2.0550000e+02
   2.0580000e+02
   2.0610000e+02
   2.0640000e+02
   2.0670000e+02
   2.0700000e+02
   2.0730000e+02
   2.0760000e+02
   2.0790000e+02
   2.0820000e+02
   2.0850000e+02
   2.0880000e+02
   2.0910000e+02
   2.0940000e+02
   2.0970000e+02
   2.1000000e+02
   2.1030000e+02
   2.1060000e+02
   2.1090000e+02
   2.1120000e+02
   2.1150000e+02
   2.1180000e+02
   2.1210000e+02
   2.1240000e+02
   2.1270000e+02
   2.1300000e+02
   2.1330000e+02
   2.1360000e+02
   2.1390000e+02
   2.1420000e+02
   2.1450000e+02
   2.1480000e+02
   2.1510000e+02
   2.1540000e+02
   2.1570000e+02
   2.1600000e+02
   2.1630000e+02
   2.1660000e+02
   2.1690000e+02
   2.1720000e+02
   2.1750000e+02
   2.1780000e+02
   2.1810000e+02
   2.1840000e+02
   2.1870000e+02
   2.1900000e+02
   2.1930000e+02
   2.1960000e+02
   2.1990000e+02
   2.2020000e+02
   2.2050000e+02
   2.2080000e+02
   2.2110000e+02
   2.2140000e+02
   2.2170000e+02
   2.2200000e+02
   2.2230000e+02
   2.2260000e+02
   2.2290000e+02
   2.2320000e+02
   2.2350000e+02
   2.2380000e+02
   2.2410000e+02
   2.2440000e+02
   2.2470000e+02
   2.2500000e+02
   2.2530000e+02
   2.2560000e+02
   2.2590000e+02
   2.2620000e+02
   2.2650000e+02
   2.2680000e+02
   2.2710000e+02
   2.2740000e+02
   2.2770000e+02
   2.2800000e+02
   2.2830000e+02
   2.2860000e+02
   2.2890000e+02
   2.2920000e+02
   2.2950000e+02
   2.2980000e+02
   2.3010000e+02
   2.3040000e+02
   2.3070000e+02
   2.3100000e+02
   2.3130000e+02
   2.3160000e+02
   2.3190000e+02
   2.3220000e+02
   2.3250000e+02
   2.3280000e+02
   2.3310000e+02
   2.3340000e+02
   2.3370000e+02
   2.3400000e+02
   2.3430000e+02
   2.3460000e+02
   2.3490000e+02
   2.3520000e+02
   2.3550000e+02
   2.3580000e+02
   2.3610000e+02
   2.3640000e+02
   2.3670000e+02
   2.3700000e+02
   2.3730000e+02
   2.3760000e+02
   2.3790000e+02
   2.3820000e+02
   2.3850000e+02
   2.3880000e+02
   2.3910000e+02
   2.3940000e+02
   2.3970000e+02
   2.4000000e+02
   2.4030000e+02
   2.4060000e+02
   2.4090000e+02
   2.4120000e+02
   2.4150000e+02
   2.4180000e+02
   2.4210000e+02
   2.4240000e+02
   2.4270000e+02
   2.4300000e+02
   2.4330000e+02
   2.4360000e+02
   2.4390000e+02
   2.4420000e+02
   2.4450000e+02
   2.4480000e+02
   2.4510000e+02
   2.4540000e+02
   2.4570000e+02
   2.4600000e+02
   2.4630000e+02
   2.4660000e+02
   2.4690000e+02
   2.4720000e+02
   2.4750000e+02
   2.4780000e+02
   2.4810000e+02
   2.4840000e+02
   2.4870000e+02
   2.4900000e+02
   2.4930000e+02
   2.4960000e+02
   2.4990000e+02
   2.5020000e+02
   2.5050000e+02
   2.5080000e+02
   2.5110000e+02
   2.5140000e+02
   2.5170000e+02
   2.5200000e+02
   2.5230000e+02
   2.5260000e+02
   2.5290000e+02
   2.5320000e+02
   2.5350000e+02
   2.5380000e+02
   2.5410000e+02
   2.5440000e+02
   2.5470000e+02
   2.5500000e+02
   2.5530000e+02
   2.5560000e+02
   2.5590000e+02
   2.5620000e+02
   2.5650000e+02
   2.5680000e+02
   2.5710000e+02
   2.5740000e+02
   2.5770000e+02
   2.5800000e+02
   2.5830000e+02
   2.5860000e+02
   2.5890000e+02
   2.5920000e+02
   2.5950000e+02
   2.5980000e+02
   2.6010000e+02
   2.6040000e+02
   2.6070000e+02
   2.6100000e+02
   2.6130000e+02
   2.6160000e+02
   2.6190000e+02
   2.6220000e+02
   2.6250000e+02
   2.6280000e+02
   2.6310000e+02
   2.6340000e+02
   2.6370000e+02
   2.6400000e+02
   2.6430000e+02
   2.6460000e+02
   2.6490000e+02
   2.6520000e+02
   2.6550000e+02
   2.6580000e+02
   2.6610000e+02
   2.6640000e+02
   2.6670000e+02
   2.6700000e+02
   2.6730000e+02
   2.6760000e+02
   2.6790000e+02
   2.6820000e+02
   2.6850000e+02
   2.6880000e+02
   2.6910000e+02
   2.6940000e+02
   2.6970000e+02
   2.7000000e+02
   2.7030000e+02
   2.7060000e+02
   2.7090000e+02
   2.7120000e+02
   2.7150000e+02
   2.7180000e+02
   2.7210000e+02
   2.7240000e+02
   2.7270000e+02
   2.7300000e+02
   2.7330000e+02
   2.7360000e+02
   2.7390000e+02
   2.7420000e+02
   2.7450000e+02
   2.7480000e+02
   2.7510000e+02
   2.7540000e+02
   2.7570000e+02
   2.7600000e+02
   2.7630000e+02
   2.7660000e+02
   2.7690000e+02
   2.7720000e+02
   2.7750000e+02
   2.7780000e+02
   2.7810000e+02
   2.7840000e+02
   2.7870000e+02
   2.7900000e+02
   2.7930000e+02
   2.7960000e+02
   2.7990000e+02
   2.8020000e+02
   2.8050000e+02
   2.8080000e+02
   2.8110000e+02
   2.8140000e+02
   2.8170000e+02
   2.8200000e+02
   2.8230000e+02
   2.8260000e+02
   2.8290000e+02
   2.8320000e+02
   2.8350000e+02
   2.8380000e+02
   2.8410000e+02
   2.8440000e+02
   2.8470000e+02
   2.8500000e+02
   2.8530000e+02
   2.8560000e+02
   2.8590000e+02
   2.8620000e+02
   2.8650000e+02
   2.8680000e+02
   2.8710000e+02
   2.8740000e+02
   2.8770000e+02
   2.8800000e+02
   2.8830000e+02
   2.8860000e+02
   2.8890000e+02
   2.8920000e+02
   2.8950000e+02
   2.8980000e+02
   2.9010000e+02
   2.9040000e+02
   2.9070000e+02
   2.9100000e+02
   2.9130000e+02
   2.9160000e+02
   2.9190000e+02
   2.9220000e+02
   2.9250000e+02
   2.9280000e+02
   2.9310000e+02
   2.9340000e+02
   2.9370000e+02
   2.9400000e+02
   2.9430000e+02
   2.9460000e+02
   2.9490000e+02
   2.9520000e+02
   2.9550000e+02
   2.9580000e+02
   2.9610000e+02
   2.9640000e+02
   2.9670000e+02
   2.9700000e+02
   2.9730000e+02
   2.9760000e+02
   2.9790000e+02
   2.9820000e+02
   2.9850000e+02
   2.9880000e+02
   2.9910000e+02
   2.9940000e+02
   2.9970000e+02
   3.0000000e+02
   3.0030000e+02
   3.0060000e+02
   3.0090000e+02
   3.0120000e+02
   3.0150000e+02
   3.0180000e+02
   3.0210000e+02
   3.0240000e+02
   3.0270000e+02
   3.0300000e+02
   3.0330000e+02
   3.0360000e+02
   3.0390000e+02
   3.0420000e+02
   3.0450000e+02
   3.0480000e+02
   3.0510000e+02
   3.0540000e+02
   3.0570000e+02
   3.0600000e+02
   3.0630000e+02
   3.0660000e+02
   3.0690000e+02
   3.0720000e+02
   3.0750000e+02
   3.0780000e+02
   3.0810000e+02
   3.0840000e+02
   3.0870000e+02
   3.0900000e+02
   3.0930000e+02
   3.0960000e+02
   3.0990000e+02
   3.1020000e+02
   3.1050000e+02
   3.1080000e+02
   3.1110000e+02
   3.1140000e+02
   3.1170000e+02
   3.1200000e+02
   3.1230000e+02
   3.1260000e+02
   3.1290000e+02
   3.1320000e+02
   3.1350000e+02
   3.1380000e+02
   3.1410000e+02
   3.1440000e+02
   3.1470000e+02
   3.1500000e+02
   3.1530000e+02
   3.1560000e+02
   3.1590000e+02
   3.1620000e+02
   3.1650000e+02
   3.1680000e+02
   3.1710000e+02
   3.1740000e+02
   3.1770000e+02
   3.1800000e+02
   3.1830000e+02
   3.1860000e+02
   3.1890000e+02
   3.1920000e+02
   3.1950000e+02
   3.1980000e+02
   3.2010000e+02
   3.2040000e+02
   3.2070000e+02
   3.2100000e+02
   3.2130000e+02
   3.2160000e+02
   3.2190000e+02
   3.2220000e+02
   3.2250000e+02
   3.2280000e+02
   3.2310000e+02
   3.2340000e+02
   3.2370000e+02
   3.2400000e+02
   3.2430000e+02
   3.2460000e+02
   3.2490000e+02
   3.2520000e+02
   3.2550000e+02
   3.2580000e+02
   3.2610000e+02
   3.2640000e+02
   3.2670000e+02
   3.2700000e+02
   3.2730000e+02
   3.2760000e+02
   3.2790000e+02
   3.2820000e+02
   3.2850000e+02
   3.2880000e+02
   3.2910000e+02
   3.2940000e+02
   3.2970000e+02
   3.3000000e+02
   3.3030000e+02
   3.3060000e+02
   3.3090000e+02
   3.3120000e+02
   3.3150000e+02
   3.3180000e+02
   3.3210000e+02
   3.3240000e+02
   3.3270000e+02
   3.3300000e+02
   3.3330000e+02
   3.3360000e+02
   3.3390000e+02
   3.3420000e+02
   3.3450000e+02
   3.3480000e+02
   3.3510000e+02
   3.3540000e+02
   3.3570000e+02
   3.3600000e+02
   3.3630000e+02
   3.3660000e+02
   3.3690000e+02
   3.3720000e+02
   3.3750000e+02
   3.3780000e+02
   3.3810000e+02
   3.3840000e+02
   3.3870000e+02
   3.3900000e+02
   3.3930000e+02
   3.3960000e+02
   3.3990000e+02
   3.4020000e+02
   3.4050000e+02
   3.4080000e+02
   3.4110000e+02
   3.4140000e+02
   3.4170000e+02
   3.4200000e+02
   3.4230000e+02
   3.4260000e+02
   3.4290000e+02
   3.4320000e+02
   3.4350000e+02
   3.4380000e+02
   3.4410000e+02
   3.4440000e+02
   3.4470000e+02
   3.4500000e+02
   3.4530000e+02
   3.4560000e+02
   3.4590000e+02
   3.4620000e+02
   3.4650000e+02
   3.4680000e+02
   3.4710000e+02
   3.4740000e+02
   3.4770000e+02
   3.4800000e+02
   3.4830000e+02
   3.4860000e+02
   3.4890000e+02
   3.4920000e+02
   3.4950000e+02
   3.4980000e+02
   3.5010000e+02
   3.5040000e+02
   3.5070000e+02
   3.5100000e+02
   3.5130000e+02
   3.5160000e+02
   3.5190000e+02
   3.5220000e+02
   3.5250000e+02
   3.5280000e+02
   3.5310000e+02
   3.5340000e+02
   3.5370000e+02
   3.5400000e+02
   3.5430000e+02
   3.5460000e+02
   3.5490000e+02
   3.5520000e+02
   3.5550000e+02
   3.5580000e+02
   3.5610000e+02
   3.5640000e+02
   3.5670000e+02
   3.5700000e+02
   3.5730000e+02
   3.5760000e+02
   3.5790000e+02
   3.5820000e+02
   3.5850000e+02
   3.5880000e+02
   3.5910000e+02
   3.5940000e+02
   3.5970000e+02
   3.6000000e+02
   3.6030000e+02
   3.6060000e+02
   3.6090000e+02
   3.6120000e+02
   3.6150000e+02
   3.6180000e+02
   3.6210000e+02
   3.6240000e+02
   3.6270000e+02
   3.6300000e+02
   3.6330000e+02
   3.6360000e+02
   3.6390000e+02
   3.6420000e+02
   3.6450000e+02
   3.6480000e+02
   3.6510000e+02
   3.6540000e+02
   3.6570000e+02
   3.6600000e+02
   3.6630000e+02
   3.6660000e+02
   3.6690000e+02
   3.6720000e+02
   3.6750000e+02
   3.6780000e+02
   3.6810000e+02
   3.6840000e+02
   3.6870000e+02
   3.6900000e+02
   3.6930000e+02
   3.6960000e+02
   3.6990000e+02
   3.7020000e+02
   3.7050000e+02
   3.7080000e+02
   3.7110000e+02
   3.7140000e+02
   3.7170000e+02
   3.7200000e+02
   3.7230000e+02
   3.7260000e+02
   3.7290000e+02
   3.7320000e+02
   3.7350000e+02
   3.7380000e+02
   3.7410000e+02
   3.7440000e+02
   3.7470000e+02
   3.7500000e+02
   3.7530000e+02
   3.7560000e+02
   3.7590000e+02
   3.7620000e+02
   3.7650000e+02
   3.7680000e+02
   3.7710000e+02
   3.7740000e+02
   3.7770000e+02
   3.7800000e+02
   3.7830000e+02
   3.7860000e+02
   3.7890000e+02
   3.7920000e+02
   3.7950000e+02
   3.7980000e+02
   3.8010000e+02
   3.8040000e+02
   3.8070000e+02
   3.8100000e+02
   3.8130000e+02
   3.8160000e+02
   3.8190000e+02
   3.8220000e+02
   3.8250000e+02
   3.8280000e+02
   3.8310000e+02
   3.8340000e+02
   3.8370000e+02
   3.8400000e+02
   3.8430000e+02
   3.8460000e+02
   3.8490000e+02
   3.8520000e+02
   3.8550000e+02
   3.8580000e+02
   3.8610000e+02
   3.8640000e+02
   3.8670000e+02
   3.8700000e+02
   3.8730000e+02
   3.8760000e+02
   3.8790000e+02
   3.8820000e+02
   3.8850000e+02
   3.8880000e+02
   3.8910000e+02
   3.8940000e+02
   3.8970000e+02
   3.9000000e+02
   3.9030000e+02
   3.9060000e+02
   3.9090000e+02
   3.9120000e+02
   3.9150000e+02
   3.9180000e+02
   3.9210000e+02
   3.9240000e+02
   3.9270000e+02
   3.9300000e+02
   3.9330000e+02
   3.9360000e+02
   3.9390000e+02
   3.9420000e+02
   3.9450000e+02
   3.9480000e+02
   3.9510000e+02
   3.9540000e+02
   3.9570000e+02
   3.9600000e+02
   3.9630000e+02
   3.9660000e+02
   3.9690000e+02
   3.9720000e+02
   3.9750000e+02
   3.9780000e+02
   3.9810000e+02
   3.9840000e+02
   3.9870000e+02
   3.9900000e+02
   3.9930000e+02
   3.9960000e+02
   3.9990000e+02
   4.0020000e+02
   4.0050000e+02
   4.0080000e+02
   4.0110000e+02
   4.0140000e+02
   4.0170000e+02
   4.0200000e+02
   4.0230000e+02
   4.0260000e+02
   4.0290000e+02
   4.0320000e+02
   4.0350000e+02
   4.0380000e+02
   4.0410000e+02
   4.0440000e+02
   4.0470000e+02
   4.0500000e+02
   4.0530000e+02
   4.0560000e+02
   4.0590000e+02
   4.0620000e+02
   4.0650000e+02
   4.0680000e+02
   4.0710000e+02
   4.0740000e+02
   4.0770000e+02
   4.0800000e+02
   4.0830000e+02
   4.0860000e+02
   4.0890000e+02
   4.0920000e+02
   4.0950000e+02
   4.0980000e+02
   4.1010000e+02
   4.1040000e+02
   4.1070000e+02
   4.1100000e+02
   4.1130000e+02
   4.1160000e+02
   4.1190000e+02
   4.1220000e+02
   4.1250000e+02
   4.1280000e+02
   4.1310000e+02
   4.1340000e+02
   4.1370000e+02
   4.1400000e+02
   4.1430000e+02
   4.1460000e+02
   4.1490000e+02
   4.1520000e+02
   4.1550000e+02
   4.1580000e+02
   4.1610000e+02
   4.1640000e+02
   4.1670000e+02
   4.1700000e+02
   4.1730000e+02
   4.1760000e+02
   4.1790000e+02
   4.1820000e+02
   4.1850000e+02
   4.1880000e+02
   4.1910000e+02
   4.1940000e+02
   4.1970000e+02
   4.2000000e+02
   4.2030000e+02
   4.2060000e+02
   4.2090000e+02
   4.2120000e+02
   4.2150000e+02
   4.2180000e+02
   4.2210000e+02
   4.2240000e+02
   4.2270000e+02
   4.2300000e+02
   4.2330000e+02
   4.2360000e+02
   4.2390000e+02
   4.2420000e+02
   4.2450000e+02
   4.2480000e+02
   4.2510000e+02
   4.2540000e+02
   4.2570000e+02
   4.2600000e+02
   4.2630000e+02
   4.2660000e+02
   4.2690000e+02
   4.2720000e+02
   4.2750000e+02
   4.2780000e+02
   4.2810000e+02
   4.2840000e+02
   4.2870000e+02
   4.2900000e+02
   4.2930000e+02
   4.2960000e+02
   4.2990000e+02
   4.3020000e+02
   4.3050000e+02
   4.3080000e+02
   4.3110000e+02
   4.3140000e+02
   4.3170000e+02
   4.3200000e+02
   4.3230000e+02
   4.3260000e+02
   4.3290000e+02
   4.3320000e+02
   4.3350000e+02
   4.3380000e+02
   4.3410000e+02
   4.3440000e+02
   4.3470000e+02
   4.3500000e+02
   4.3530000e+02
   4.3560000e+02
   4.3590000e+02
   4.3620000e+02
   4.3650000e+02
   4.3680000e+02
   4.3710000e+02
   4.3740000e+02
   4.3770000e+02
   4.3800000e+02
   4.3830000e+02
   4.3860000e+02
   4.3890000e+02
   4.3920000e+02
   4.3950000e+02
   4.3980000e+02
   4.4010000e+02
   4.4040000e+02
   4.4070000e+02
   4.4100000e+02
   4.4130000e+02
   4.4160000e+02
   4.4190000e+02
   4.4220000e+02
   4.4250000e+02
   4.4280000e+02
   4.4310000e+02
   4.4340000e+02
   4.4370000e+02
   4.4400000e+02
   4.4430000e+02
   4.4460000e+02
   4.4490000e+02
   4.4520000e+02
   4.4550000e+02
   4.4580000e+02
   4.4610000e+02
   4.4640000e+02
   4.4670000e+02
   4.4700000e+02
   4.4730000e+02
   4.4760000e+02
   4.4790000e+02
   4.4820000e+02
   4.4850000e+02
   4.4880000e+02
   4.4910000e+02
   4.4940000e+02
   4.4970000e+02
   4.5000000e+02
   4.5030000e+02
   4.5060000e+02
   4.5090000e+02
   4.5120000e+02
   4.5150000e+02
   4.5180000e+02
   4.5210000e+02
   4.5240000e+02
   4.5270000e+02
   4.5300000e+02
   4.5330000e+02
   4.5360000e+02
   4.5390000e+02
   4.5420000e+02
   4.5450000e+02
   4.5480000e+02
   4.5510000e+02
   4.5540000e+02
   4.5570000e+02
   4.5600000e+02
   4.5630000e+02
   4.5660000e+02
   4.5690000e+02
   4.5720000e+02
   4.5750000e+02
   4.5780000e+02
   4.5810000e+02
   4.5840000e+02
   4.5870000e+02
   4.5900000e+02
   4.5930000e+02
   4.5960000e+02
   4.5990000e+02
   4.6020000e+02
   4.6050000e+02
   4.6080000e+02
   4.6110000e+02
   4.6140000e+02
   4.6170000e+02
   4.6200000e+02
   4.6230000e+02
   4.6260000e+02
   4.6290000e+02
   4.6320000e+02
   4.6350000e+02
   4.6380000e+02
   4.6410000e+02
   4.6440000e+02
   4.6470000e+02
   4.6500000e+02
   4.6530000e+02
   4.6560000e+02
   4.6590000e+02
   4.6620000e+02
   4.6650000e+02
   4.6680000e+02
   4.6710000e+02
   4.6740000e+02
   4.6770000e+02
   4.6800000e+02
   4.6830000e+02
   4.6860000e+02
   4.6890000e+02
   4.6920000e+02
   4.6950000e+02
   4.6980000e+02
   4.7010000e+02
   4.7040000e+02
   4.7070000e+02
   4.7100000e+02
   4.7130000e+02
   4.7160000e+02
   4.7190000e+02
   4.7220000e+02
   4.7250000e+02
   4.7280000e+02
   4.7310000e+02
   4.7340000e+02
   4.7370000e+02
   4.7400000e+02
   4.7430000e+02
   4.7460000e+02
   4.7490000e+02
   4.7520000e+02
   4.7550000e+02
   4.7580000e+02
   4.7610000e+02
   4.7640000e+02
   4.7670000e+02
   4.7700000e+02
   4.7730000e+02
   4.7760000e+02
   4.7790000e+02
   4.7820000e+02
   4.7850000e+02
   4.7880000e+02
   4.7910000e+02
   4.7940000e+02
   4.7970000e+02
   4.8000000e+02
   4.8030000e+02
   4.8060000e+02
   4.8090000e+02
   4.8120000e+02
   4.8150000e+02
   4.8180000e+02
   4.8210000e+02
   4.8240000e+02
   4.8270000e+02
   4.8300000e+02
   4.8330000e+02
   4.8360000e+02
   4.8390000e+02
   4.8420000e+02
   4.8450000e+02
   4.8480000e+02
   4.8510000e+02
   4.8540000e+02
   4.8570000e+02
   4.8600000e+02
   4.8630000e+02
   4.8660000e+02
   4.8690000e+02
   4.8720000e+02
   4.8750000e+02
   4.8780000e+02
   4.8810000e+02
   4.8840000e+02
   4.8870000e+02
   4.8900000e+02
   4.8930000e+02
   4.8960000e+02
   4.8990000e+02
   4.9020000e+02
   4.9050000e+02
   4.9080000e+02
   4.9110000e+02
   4.9140000e+02
   4.9170000e+02
   4.9200000e+02
   4.9230000e+02
   4.9260000e+02
   4.9290000e+02
   4.9320000e+02
   4.9350000e+02
   4.9380000e+02
   4.9410000e+02
   4.9440000e+02
   4.9470000e+02
   4.9500000e+02
   4.9530000e+02
   4.9560000e+02
   4.9590000e+02
   4.9620000e+02
   4.9650000e+02
   4.9680000e+02
   4.9710000e+02
   4.9740000e+02
   4.9770000e+02
   4.9800000e+02
   4.9830000e+02
   4.9860000e+02
   4.9890000e+02
   4.9920000e+02
   4.9950000e+02
   4.9980000e+02
   5.0010000e+02
   5.0040000e+02
   5.0070000e+02
   5.0100000e+02
   5.0130000e+02
   5.0160000e+02
   5.0190000e+02
   5.0220000e+02
   5.0250000e+02
   5.0280000e+02
   5.0310000e+02
   5.0340000e+02
   5.0370000e+02
   5.0400000e+02
   5.0430000e+02
   5.0460000e+02
   5.0490000e+02
   5.0520000e+02
   5.0550000e+02
   5.0580000e+02
   5.0610000e+02
   5.0640000e+02
   5.0670000e+02
   5.0700000e+02
   5.0730000e+02
   5.0760000e+02
   5.0790000e+02
   5.0820000e+02
   5.0850000e+02
   5.0880000e+02
   5.0910000e+02
   5.0940000e+02
   5.0970000e+02
   5.1000000e+02
   5.1030000e+02
   5.1060000e+02
   5.1090000e+02
   5.1120000e+02
   5.1150000e+02
   5.1180000e+02
   5.1210000e+02
   5.1240000e+02
   5.1270000e+02
   5.1300000e+02
   5.1330000e+02
   5.1360000e+02
   5.1390000e+02
   5.1420000e+02
   5.1450000e+02
   5.1480000e+02
   5.1510000e+02
   5.1540000e+02
   5.1570000e+02
   5.1600000e+02
   5.1630000e+02
   5.1660000e+02
   5.1690000e+02
   5.1720000e+02
   5.1750000e+02
   5.1780000e+02
   5.1810000e+02
   5.1840000e+02
   5.1870000e+02
   5.1900000e+02
   5.1930000e+02
   5.1960000e+02
   5.1990000e+02
   5.2020000e+02
   5.2050000e+02
   5.2080000e+02
   5.2110000e+02
   5.2140000e+02
   5.2170000e+02
   5.2200000e+02
   5.2230000e+02
   5.2260000e+02
   5.2290000e+02
   5.2320000e+02
   5.2350000e+02
   5.2380000e+02
   5.2410000e+02
   5.2440000e+02
   5.2470000e+02
   5.2500000e+02
   5.2530000e+02
   5.2560000e+02
   5.2590000e+02
   5.2620000e+02
   5.2650000e+02
   5.2680000e+02
   5.2710000e+02
   5.2740000e+02
   5.2770000e+02
   5.2800000e+02
   5.2830000e+02
   5.2860000e+02
   5.2890000e+02
   5.2920000e+02
   5.2950000e+02
   5.2980000e+02
   5.3010000e+02
   5.3040000e+02
   5.3070000e+02
   5.3100000e+02
   5.3130000e+02
   5.3160000e+02
   5.3190000e+02
   5.3220000e+02
   5.3250000e+02
   5.3280000e+02
   5.3310000e+02
   5.3340000e+02
   5.3370000e+02
   5.3400000e+02
   5.3430000e+02
   5.3460000e+02
   5.3490000e+02
   5.3520000e+02
   5.3550000e+02
   5.3580000e+02
   5.3610000e+02
   5.3640000e+02
   5.3670000e+02
   5.3700000e+02
   5.3730000e+02
   5.3760000e+02
   5.3790000e+02
   5.3820000e+02
   5.3850000e+02
   5.3880000e+02
   5.3910000e+02
   5.3940000e+02
   5.3970000e+02
   5.4000000e+02
   5.4030000e+02
   5.4060000e+02
   5.4090000e+02
   5.4120000e+02
   5.4150000e+02
   5.4180000e+02
   5.4210000e+02
   5.4240000e+02
   5.4270000e+02
   5.4300000e+02
   5.4330000e+02
   5.4360000e+02
   5.4390000e+02
   5.4420000e+02
   5.4450000e+02
   5.4480000e+02
   5.4510000e+02
   5.4540000e+02
   5.4570000e+02
   5.4600000e+02
   5.4630000e+02
   5.4660000e+02
   5.4690000e+02
   5.4720000e+02
   5.4750000e+02
   5.4780000e+02
   5.4810000e+02
   5.4840000e+02
   5.4870000e+02
   5.4900000e+02
   5.4930000e+02
   5.4960000e+02
   5.4990000e+02
   5.5020000e+02
   5.5050000e+02
   5.5080000e+02
   5.5110000e+02
   5.5140000e+02
   5.5170000e+02
   5.5200000e+02
   5.5230000e+02
   5.5260000e+02
   5.5290000e+02
   5.5320000e+02
   5.5350000e+02
   5.5380000e+02
   5.5410000e+02
   5.5440000e+02
   5.5470000e+02
   5.5500000e+02
   5.5530000e+02
   5.5560000e+02
   5.5590000e+02
   5.5620000e+02
   5.5650000e+02
   5.5680000e+02
   5.5710000e+02
   5.5740000e+02
   5.5770000e+02
   5.5800000e+02
   5.5830000e+02
   5.5860000e+02
   5.5890000e+02
   5.5920000e+02
   5.5950000e+02
   5.5980000e+02
   5.6010000e+02
   5.6040000e+02
   5.6070000e+02
   5.6100000e+02
   5.6130000e+02
   5.6160000e+02
   5.6190000e+02
   5.6220000e+02
   5.6250000e+02
   5.6280000e+02
   5.6310000e+02
   5.6340000e+02
   5.6370000e+02
   5.6400000e+02
   5.6430000e+02
   5.6460000e+02
   5.6490000e+02
   5.6520000e+02
   5.6550000e+02
   5.6580000e+02
   5.6610000e+02
   5.6640000e+02
   5.6670000e+02
   5.6700000e+02
   5.6730000e+02
   5.6760000e+02
   5.6790000e+02
   5.6820000e+02
   5.6850000e+02
   5.6880000e+02
   5.6910000e+02
   5.6940000e+02
   5.6970000e+02
   5.7000000e+02
   5.7030000e+02
   5.7060000e+02
   5.7090000e+02
   5.7120000e+02
   5.7150000e+02
   5.7180000e+02
   5.7210000e+02
   5.7240000e+02
   5.7270000e+02
   5.7300000e+02
   5.7330000e+02
   5.7360000e+02
   5.7390000e+02
   5.7420000e+02
   5.7450000e+02
   5.7480000e+02
   5.7510000e+02
   5.7540000e+02
   5.7570000e+02
   5.7600000e+02
   5.7630000e+02
   5.7660000e+02
   5.7690000e+02
   5.7720000e+02
   5.7750000e+02
   5.7780000e+02
   5.7810000e+02
   5.7840000e+02
   5.7870000e+02
   5.7900000e+02
   5.7930000e+02
   5.7960000e+02
   5.7990000e+02
   5.8020000e+02
   5.8050000e+02
   5.8080000e+02
   5.8110000e+02
   5.8140000e+02
   5.8170000e+02
   5.8200000e+02
   5.8230000e+02
   5.8260000e+02
   5.8290000e+02
   5.8320000e+02
   5.8350000e+02
   5.8380000e+02
   5.8410000e+02
   5.8440000e+02
   5.8470000e+02
   5.8500000e+02
   5.8530000e+02
   5.8560000e+02
   5.8590000e+02
   5.8620000e+02
   5.8650000e+02
   5.8680000e+02
   5.8710000e+02
   5.8740000e+02
   5.8770000e+02
   5.8800000e+02
   5.8830000e+02
   5.8860000e+02
   5.8890000e+02
   5.8920000e+02
   5.8950000e+02
   5.8980000e+02
   5.9010000e+02
   5.9040000e+02
   5.9070000e+02
   5.9100000e+02
   5.9130000e+02
   5.9160000e+02
   5.9190000e+02
   5.9220000e+02
   5.9250000e+02
   5.9280000e+02
   5.9310000e+02
   5.9340000e+02
   5.9370000e+02
   5.9400000e+02
   5.9430000e+02
   5.9460000e+02
   5.9490000e+02
   5.9520000e+02
   5.9550000e+02
   5.9580000e+02
   5.9610000e+02
   5.9640000e+02
   5.9670000e+02
   5.9700000e+02
   5.9730000e+02
   5.9760000e+02
   5.9790000e+02
   5.9820000e+02
   5.9850000e+02
   5.9880000e+02
   5.9910000e+02
   5.9940000e+02
   5.9970000e+02
   6.0000000e+02
   6.0030000e+02
   6.0060000e+02
   6.0090000e+02
   6.0120000e+02
   6.0150000e+02
   6.0180000e+02
   6.0210000e+02
   6.0240000e+02
   6.0270000e+02
   6.0300000e+02
   6.0330000e+02
   6.0360000e+02
   6.0390000e+02
   6.0420000e+02
   6.0450000e+02
   6.0480000e+02
   6.0510000e+02
   6.0540000e+02
   6.0570000e+02
   6.0600000e+02
   6.0630000e+02
   6.0660000e+02
   6.0690000e+02
   6.0720000e+02
   6.0750000e+02
   6.0780000e+02
   6.0810000e+02
   6.0840000e+02
   6.0870000e+02
   6.0900000e+02
   6.0930000e+02
   6.0960000e+02
   6.0990000e+02
   6.1020000e+02
   6.1050000e+02
   6.1080000e+02
   6.1110000e+02
   6.1140000e+02
   6.1170000e+02
   6.1200000e+02
   6.1230000e+02
   6.1260000e+02
   6.1290000e+02
   6.1320000e+02
   6.1350000e+02
   6.1380000e+02
   6.1410000e+02
   6.1440000e+02
   6.1470000e+02
   6.1500000e+02
   6.1530000e+02
   6.1560000e+02
   6.1590000e+02
   6.1620000e+02
   6.1650000e+02
   6.1680000e+02
   6.1710000e+02
   6.1740000e+02
   6.1770000e+02
   6.1800000e+02
   6.1830000e+02
   6.1860000e+02
   6.1890000e+02
   6.1920000e+02
   6.1950000e+02
   6.1980000e+02
   6.2010000e+02
   6.2040000e+02
   6.2070000e+02
   6.2100000e+02
   6.2130000e+02
   6.2160000e+02
   6.2190000e+02
   6.2220000e+02
   6.2250000e+02
   6.2280000e+02
   6.2310000e+02
   6.2340000e+02
   6.2370000e+02
   6.2400000e+02
   6.2430000e+02
   6.2460000e+02
   6.2490000e+02
   6.2520000e+02
   6.2550000e+02
   6.2580000e+02
   6.2610000e+02
   6.2640000e+02
   6.2670000e+02
   6.2700000e+02
   6.2730000e+02
   6.2760000e+02
   6.2790000e+02
   6.2820000e+02
   6.2850000e+02
   6.2880000e+02
   6.2910000e+02
   6.2940000e+02
   6.2970000e+02
   6.3000000e+02
   6.3030000e+02
   6.3060000e+02
   6.3090000e+02
   6.3120000e+02
   6.3150000e+02
   6.3180000e+02
   6.3210000e+02
   6.3240000e+02
   6.3270000e+02
   6.3300000e+02
   6.3330000e+02
   6.3360000e+02
   6.3390000e+02
   6.3420000e+02
   6.3450000e+02
   6.3480000e+02
   6.3510000e+02
   6.3540000e+02
   6.3570000e+02
   6.3600000e+02
   6.3630000e+02
   6.3660000e+02
   6.3690000e+02
   6.3720000e+02
   6.3750000e+02
   6.3780000e+02
   6.3810000e+02
   6.3840000e+02
   6.3870000e+02
   6.3900000e+02
   6.3930000e+02
   6.3960000e+02
   6.3990000e+02
   6.4020000e+02
   6.4050000e+02
   6.4080000e+02
   6.4110000e+02
   6.4140000e+02
   6.4170000e+02
   6.4200000e+02
   6.4230000e+02
   6.4260000e+02
   6.4290000e+02
   6.4320000e+02
   6.4350000e+02
   6.4380000e+02
   6.4410000e+02
   6.4440000e+02
   6.4470000e+02
   6.4500000e+02
   6.4530000e+02
   6.4560000e+02
   6.4590000e+02
   6.4620000e+02
   6.4650000e+02
   6.4680000e+02
   6.4710000e+02
   6.4740000e+02
   6.4770000e+02
   6.4800000e+02
   6.4830000e+02
   6.4860000e+02
   6.4890000e+02
   6.4920000e+02
   6.4950000e+02
   6.4980000e+02
   6.5010000e+02
   6.5040000e+02
   6.5070000e+02
   6.5100000e+02
   6.5130000e+02
   6.5160000e+02
   6.5190000e+02
   6.5220000e+02
   6.5250000e+02
   6.5280000e+02
   6.5310000e+02
   6.5340000e+02
   6.5370000e+02
   6.5400000e+02
   6.5430000e+02
   6.5460000e+02
   6.5490000e+02
   6.5520000e+02
   6.5550000e+02
   6.5580000e+02
   6.5610000e+02
   6.5640000e+02
   6.5670000e+02
   6.5700000e+02
   6.5730000e+02
   6.5760000e+02
   6.5790000e+02
   6.5820000e+02
   6.5850000e+02
   6.5880000e+02
   6.5910000e+02
   6.5940000e+02
   6.5970000e+02
   6.6000000e+02
   6.6030000e+02
   6.6060000e+02
   6.6090000e+02
   6.6120000e+02
   6.6150000e+02
   6.6180000e+02
   6.6210000e+02
   6.6240000e+02
   6.6270000e+02
   6.6300000e+02
   6.6330000e+02
   6.6360000e+02
   6.6390000e+02
   6.6420000e+02
   6.6450000e+02
   6.6480000e+02
   6.6510000e+02
   6.6540000e+02
   6.6570000e+02
   6.6600000e+02
   6.6630000e+02
   6.6660000e+02
   6.6690000e+02
   6.6720000e+02
   6.6750000e+02
   6.6780000e+02
   6.6810000e+02
   6.6840000e+02
   6.6870000e+02
   6.6900000e+02
   6.6930000e+02
   6.6960000e+02
   6.6990000e+02
   6.7020000e+02
   6.7050000e+02
   6.7080000e+02
   6.7110000e+02
   6.7140000e+02
   6.7170000e+02
   6.7200000e+02
   6.7230000e+02
   6.7260000e+02
   6.7290000e+02
   6.7320000e+02
   6.7350000e+02
   6.7380000e+02
   6.7410000e+02
   6.7440000e+02
   6.7470000e+02
   6.7500000e+02
   6.7530000e+02
   6.7560000e+02
   6.7590000e+02
   6.7620000e+02
   6.7650000e+02
   6.7680000e+02
   6.7710000e+02
   6.7740000e+02
   6.7770000e+02
   6.7800000e+02
   6.7830000e+02
   6.7860000e+02
   6.7890000e+02
   6.7920000e+02
   6.7950000e+02
   6.7980000e+02
   6.8010000e+02
   6.8040000e+02
   6.8070000e+02
   6.8100000e+02
   6.8130000e+02
   6.8160000e+02
   6.8190000e+02
   6.8220000e+02
   6.8250000e+02
   6.8280000e+02
   6.8310000e+02
   6.8340000e+02
   6.8370000e+02
   6.8400000e+02
   6.8430000e+02
   6.8460000e+02
   6.8490000e+02
   6.8520000e+02
   6.8550000e+02
   6.8580000e+02
   6.8610000e+02
   6.8640000e+02
   6.8670000e+02
   6.8700000e+02
   6.8730000e+02
   6.8760000e+02
   6.8790000e+02
   6.8820000e+02
   6.8850000e+02
   6.8880000e+02
   6.8910000e+02
   6.8940000e+02
   6.8970000e+02
   6.9000000e+02
   6.9030000e+02
   6.9060000e+02
   6.9090000e+02
   6.9120000e+02
   6.9150000e+02
   6.9180000e+02
   6.9210000e+02
   6.9240000e+02
   6.9270000e+02
   6.9300000e+02
   6.9330000e+02
   6.9360000e+02
   6.9390000e+02
   6.9420000e+02
   6.9450000e+02
   6.9480000e+02
   6.9510000e+02
   6.9540000e+02
   6.9570000e+02
   6.9600000e+02
   6.9630000e+02
   6.9660000e+02
   6.9690000e+02
   6.9720000e+02
   6.9750000e+02
   6.9780000e+02
   6.9810000e+02
   6.9840000e+02
   6.9870000e+02
   6.9900000e+02
   6.9930000e+02
   6.9960000e+02
   6.9990000e+02
   7.0020000e+02
   7.0050000e+02
   7.0080000e+02
   7.0110000e+02
   7.0140000e+02
   7.0170000e+02
   7.0200000e+02
   7.0230000e+02
   7.0260000e+02
   7.0290000e+02
   7.0320000e+02
   7.0350000e+02
   7.0380000e+02
   7.0410000e+02
   7.0440000e+02
   7.0470000e+02
   7.0500000e+02
   7.0530000e+02
   7.0560000e+02
   7.0590000e+02
   7.0620000e+02
   7.0650000e+02
   7.0680000e+02
   7.0710000e+02
   7.0740000e+02
   7.0770000e+02
   7.0800000e+02
   7.0830000e+02
   7.0860000e+02
   7.0890000e+02
   7.0920000e+02
   7.0950000e+02
   7.0980000e+02
   7.1010000e+02
   7.1040000e+02
   7.1070000e+02
   7.1100000e+02
   7.1130000e+02
   7.1160000e+02
   7.1190000e+02
   7.1220000e+02
   7.1250000e+02
   7.1280000e+02
   7.1310000e+02
   7.1340000e+02
   7.1370000e+02
   7.1400000e+02
   7.1430000e+02
   7.1460000e+02
   7.1490000e+02
   7.1520000e+02
   7.1550000e+02
   7.1580000e+02
   7.1610000e+02
   7.1640000e+02
   7.1670000e+02
   7.1700000e+02
   7.1730000e+02
   7.1760000e+02
   7.1790000e+02
   7.1820000e+02
   7.1850000e+02
   7.1880000e+02
   7.1910000e+02
   7.1940000e+02
   7.1970000e+02
   7.2000000e+02
   7.2030000e+02
   7.2060000e+02
   7.2090000e+02
   7.2120000e+02
   7.2150000e+02
   7.2180000e+02
   7.2210000e+02
   7.2240000e+02
   7.2270000e+02
   7.2300000e+02
   7.2330000e+02
   7.2360000e+02
   7.2390000e+02
   7.2420000e+02
   7.2450000e+02
   7.2480000e+02
   7.2510000e+02
   7.2540000e+02
   7.2570000e+02
   7.2600000e+02
   7.2630000e+02
   7.2660000e+02
   7.2690000e+02
   7.2720000e+02
   7.2750000e+02
   7.2780000e+02
   7.2810000e+02
   7.2840000e+02
   7.2870000e+02
   7.2900000e+02
   7.2930000e+02
   7.2960000e+02
   7.2990000e+02
   7.3020000e+02
   7.3050000e+02
   7.3080000e+02
   7.3110000e+02
   7.3140000e+02
   7.3170000e+02
   7.3200000e+02
   7.3230000e+02
   7.3260000e+02
   7.3290000e+02
   7.3320000e+02
   7.3350000e+02
   7.3380000e+02
   7.3410000e+02
   7.3440000e+02
   7.3470000e+02
   7.3500000e+02
   7.3530000e+02
   7.3560000e+02
   7.3590000e+02
   7.3620000e+02
   7.3650000e+02
   7.3680000e+02
   7.3710000e+02
   7.3740000e+02
   7.3770000e+02
   7.3800000e+02
   7.3830000e+02
   7.3860000e+02
   7.3890000e+02
   7.3920000e+02
   7.3950000e+02
   7.3980000e+02
   7.4010000e+02
   7.4040000e+02
   7.4070000e+02
   7.4100000e+02
   7.4130000e+02
   7.4160000e+02
   7.4190000e+02
   7.4220000e+02
   7.4250000e+02
   7.4280000e+02
   7.4310000e+02
   7.4340000e+02
   7.4370000e+02
   7.4400000e+02
   7.4430000e+02
   7.4460000e+02
   7.4490000e+02
   7.4520000e+02
   7.4550000e+02
   7.4580000e+02
   7.4610000e+02
   7.4640000e+02
   7.4670000e+02
   7.4700000e+02
   7.4730000e+02
   7.4760000e+02
   7.4790000e+02
   7.4820000e+02
   7.4850000e+02
   7.4880000e+02
   7.4910000e+02
   7.4940000e+02
   7.4970000e+02
   7.5000000e+02
   7.5030000e+02
   7.5060000e+02
   7.5090000e+02
   7.5120000e+02
   7.5150000e+02
   7.5180000e+02
   7.5210000e+02
   7.5240000e+02
   7.5270000e+02
   7.5300000e+02
   7.5330000e+02
   7.5360000e+02
   7.5390000e+02
   7.5420000e+02
   7.5450000e+02
   7.5480000e+02
   7.5510000e+02
   7.5540000e+02
   7.5570000e+02
   7.5600000e+02
   7.5630000e+02
   7.5660000e+02
   7.5690000e+02
   7.5720000e+02
   7.5750000e+02
   7.5780000e+02
   7.5810000e+02
   7.5840000e+02
   7.5870000e+02
   7.5900000e+02
   7.5930000e+02
   7.5960000e+02
   7.5990000e+02
   7.6020000e+02
   7.6050000e+02
   7.6080000e+02
   7.6110000e+02
   7.6140000e+02
   7.6170000e+02
   7.6200000e+02
   7.6230000e+02
   7.6260000e+02
   7.6290000e+02
   7.6320000e+02
   7.6350000e+02
   7.6380000e+02
   7.6410000e+02
   7.6440000e+02
   7.6470000e+02
   7.6500000e+02
   7.6530000e+02
   7.6560000e+02
   7.6590000e+02
   7.6620000e+02
   7.6650000e+02
   7.6680000e+02
   7.6710000e+02
   7.6740000e+02
   7.6770000e+02
   7.6800000e+02
   7.6830000e+02
   7.6860000e+02
   7.6890000e+02
   7.6920000e+02
   7.6950000e+02
   7.6980000e+02
   7.7010000e+02
   7.7040000e+02
   7.7070000e+02
   7.7100000e+02
   7.7130000e+02
   7.7160000e+02
   7.7190000e+02
   7.7220000e+02
   7.7250000e+02
   7.7280000e+02
   7.7310000e+02
   7.7340000e+02
   7.7370000e+02
   7.7400000e+02
   7.7430000e+02
   7.7460000e+02
   7.7490000e+02
   7.7520000e+02
   7.7550000e+02
   7.7580000e+02
   7.7610000e+02
   7.7640000e+02
   7.7670000e+02
   7.7700000e+02
   7.7730000e+02
   7.7760000e+02
   7.7790000e+02
   7.7820000e+02
   7.7850000e+02
   7.7880000e+02
   7.7910000e+02
   7.7940000e+02
   7.7970000e+02
   7.8000000e+02
   7.8030000e+02
   7.8060000e+02
   7.8090000e+02
   7.8120000e+02
   7.8150000e+02
   7.8180000e+02
   7.8210000e+02
   7.8240000e+02
   7.8270000e+02
   7.8300000e+02
   7.8330000e+02
   7.8360000e+02
   7.8390000e+02
   7.8420000e+02
   7.8450000e+02
   7.8480000e+02
   7.8510000e+02
   7.8540000e+02
   7.8570000e+02
   7.8600000e+02
   7.8630000e+02
   7.8660000e+02
   7.8690000e+02
   7.8720000e+02
   7.8750000e+02
   7.8780000e+02
   7.8810000e+02
   7.8840000e+02
   7.8870000e+02
   7.8900000e+02
   7.8930000e+02
   7.8960000e+02
   7.8990000e+02
   7.9020000e+02
   7.9050000e+02
   7.9080000e+02
   7.9110000e+02
   7.9140000e+02
   7.9170000e+02
   7.9200000e+02
   7.9230000e+02
   7.9260000e+02
   7.9290000e+02
   7.9320000e+02
   7.9350000e+02
   7.9380000e+02
   7.9410000e+02
   7.9440000e+02
   7.9470000e+02
   7.9500000e+02
   7.9530000e+02
   7.9560000e+02
   7.9590000e+02
   7.9620000e+02
   7.9650000e+02
   7.9680000e+02
   7.9710000e+02
   7.9740000e+02
   7.9770000e+02
   7.9800000e+02
   7.9830000e+02
   7.9860000e+02
   7.9890000e+02
   7.9920000e+02
   7.9950000e+02
   7.9980000e+02
   8.0010000e+02
   8.0040000e+02
   8.0070000e+02
   8.0100000e+02
   8.0130000e+02
   8.0160000e+02
   8.0190000e+02
   8.0220000e+02
   8.0250000e+02
   8.0280000e+02
   8.0310000e+02
   8.0340000e+02
   8.0370000e+02
   8.0400000e+02
   8.0430000e+02
   8.0460000e+02
   8.0490000e+02
   8.0520000e+02
   8.0550000e+02
   8.0580000e+02
   8.0610000e+02
   8.0640000e+02
   8.0670000e+02
   8.0700000e+02
   8.0730000e+02
   8.0760000e+02
   8.0790000e+02
   8.0820000e+02
   8.0850000e+02
   8.0880000e+02
   8.0910000e+02
   8.0940000e+02
   8.0970000e+02
   8.1000000e+02
   8.1030000e+02
   8.1060000e+02
   8.1090000e+02
   8.1120000e+02
   8.1150000e+02
   8.1180000e+02
   8.1210000e+02
   8.1240000e+02
   8.1270000e+02
   8.1300000e+02
   8.1330000e+02
   8.1360000e+02
   8.1390000e+02
   8.1420000e+02
   8.1450000e+02
   8.1480000e+02
   8.1510000e+02
   8.1540000e+02
   8.1570000e+02
   8.1600000e+02
   8.1630000e+02
   8.1660000e+02
   8.1690000e+02
   8.1720000e+02
   8.1750000e+02
   8.1780000e+02
   8.1810000e+02
   8.1840000e+02
   8.1870000e+02
   8.1900000e+02
   8.1930000e+02
   8.1960000e+02
   8.1990000e+02
   8.2020000e+02
   8.2050000e+02
   8.2080000e+02
   8.2110000e+02
   8.2140000e+02
   8.2170000e+02
   8.2200000e+02
   8.2230000e+02
   8.2260000e+02
   8.2290000e+02
   8.2320000e+02
   8.2350000e+02
   8.2380000e+02
   8.2410000e+02
   8.2440000e+02
   8.2470000e+02
   8.2500000e+02
   8.2530000e+02
   8.2560000e+02
   8.2590000e+02
   8.2620000e+02
   8.2650000e+02
   8.2680000e+02
   8.2710000e+02
   8.2740000e+02
   8.2770000e+02
   8.2800000e+02
   8.2830000e+02
   8.2860000e+02
   8.2890000e+02
   8.2920000e+02
   8.2950000e+02
   8.2980000e+02
   8.3010000e+02
   8.3040000e+02
   8.3070000e+02
   8.3100000e+02
   8.3130000e+02
   8.3160000e+02
   8.3190000e+02
   8.3220000e+02
   8.3250000e+02
   8.3280000e+02
   8.3310000e+02
   8.3340000e+02
   8.3370000e+02
   8.3400000e+02
   8.3430000e+02
   8.3460000e+02
   8.3490000e+02
   8.3520000e+02
   8.3550000e+02
   8.3580000e+02
   8.3610000e+02
   8.3640000e+02
   8.3670000e+02
   8.3700000e+02
   8.3730000e+02
   8.3760000e+02
   8.3790000e+02
   8.3820000e+02
   8.3850000e+02
   8.3880000e+02
   8.3910000e+02
   8.3940000e+02
   8.3970000e+02
   8.4000000e+02
