0.1078
0.2156
0.3234
0.4312
0.539
0.6468
0.7546
0.8624
0.9702
1.078
1.1858
1.2936
1.4014
1.5092
1.617
1.7248
1.8326
1.9404
2.0482
2.156
2.2638
2.3716
2.4794
2.5872
2.695
2.8028
2.9106
3.0184
3.1262
3.234
3.3418
3.4496
3.5574
3.6652
3.773
3.8808
3.9886
4.0964
4.2042
4.312
4.4198
4.5276
4.6354
4.7432
4.851
4.9588
5.0666
5.1744
5.2822
5.39
5.4978
5.6056
5.7134
5.8212
5.929
6.0368
6.1446
6.2524
6.3602
6.468
6.5758
6.6836
6.7914
6.8992
7.007
7.1148
7.2226
7.3304
7.4382
7.546
7.6538
7.7616
7.8694
7.9772
8.085
8.1928
8.3006
8.4084
8.5162
8.624
8.7318
8.8396
8.9474
9.0552
9.163
9.2708
9.3786
9.4864
9.5942
9.702
9.8098
9.9176
10.025
10.133
10.241
10.349
10.457
10.564
10.672
10.78
10.888
10.996
11.103
11.211
11.319
11.427
11.535
11.642
11.75
11.858
11.966
12.074
12.181
12.289
12.397
12.505
12.613
12.72
12.828
12.936
13.044
13.152
13.259
13.367
13.475
13.583
13.691
13.798
13.906
14.014
14.122
14.23
14.337
14.445
14.553
14.661
14.769
14.876
14.984
15.092
15.2
15.308
15.415
15.523
15.631
15.739
15.847
15.954
16.062
16.17
16.278
16.386
16.493
16.601
16.709
16.817
16.925
17.032
17.14
17.248
17.356
17.464
17.571
17.679
17.787
17.895
18.003
18.11
18.218
18.326
18.434
18.542
18.649
18.757
18.865
18.973
19.081
19.188
19.296
19.404
19.512
19.62
19.727
19.835
19.943
20.051
20.159
20.266
20.374
20.482
20.59
20.698
20.805
20.913
21.021
21.129
21.237
21.344
21.452
21.56
21.668
21.776
21.883
21.991
22.099
22.207
22.315
22.422
22.53
22.638
22.746
22.854
22.961
23.069
23.177
23.285
23.393
23.5
23.608
23.716
23.824
23.932
24.039
24.147
24.255
24.363
24.471
24.578
24.686
24.794
24.902
25.01
25.117
25.225
25.333
25.441
25.549
25.656
25.764
25.872
25.98
26.088
26.195
26.303
26.411
26.519
26.627
26.734
26.842
26.95
27.058
27.166
27.273
27.381
27.489
27.597
27.705
27.812
27.92
28.028
28.136
28.244
28.351
28.459
28.567
28.675
28.783
28.89
28.998
29.106
29.214
29.322
29.429
29.537
29.645
29.753
29.861
29.968
30.076
30.184
30.292
30.4
30.507
30.615
30.723
30.831
30.939
31.046
31.154
31.262
31.37
31.478
31.585
31.693
31.801
31.909
32.017
32.124
32.232
32.34
32.448
32.556
32.663
32.771
32.879
32.987
33.095
33.202
33.31
33.418
33.526
33.634
33.741
33.849
33.957
34.065
34.173
34.28
34.388
34.496
34.604
34.712
34.819
34.927
35.035
35.143
35.251
35.358
35.466
35.574
35.682
35.79
35.897
36.005
36.113
36.221
36.329
36.436
36.544
36.652
36.76
36.868
36.975
37.083
37.191
37.299
37.407
37.514
37.622
37.73
37.838
37.946
38.053
38.161
38.269
38.377
38.485
38.592
38.7
38.808
38.916
39.024
39.131
39.239
39.347
39.455
39.563
39.67
39.778
39.886
39.994
40.102
40.209
40.317
40.425
40.533
40.641
40.748
40.856
40.964
41.072
41.18
41.287
41.395
41.503
41.611
41.719
41.826
41.934
42.042
42.15
42.258
42.365
42.473
42.581
42.689
42.797
42.904
43.012
43.12
43.228
43.336
43.443
43.551
43.659
43.767
43.875
43.982
44.09
44.198
44.306
44.414
44.521
44.629
44.737
44.845
44.953
45.06
45.168
45.276
45.384
45.492
45.599
45.707
45.815
45.923
46.031
46.138
46.246
46.354
46.462
46.57
46.677
46.785
46.893
47.001
47.109
47.216
47.324
47.432
47.54
47.648
47.755
47.863
47.971
48.079
48.187
48.294
48.402
48.51
48.618
48.726
48.833
48.941
49.049
49.157
49.265
49.372
49.48
49.588
49.696
49.804
49.911
50.019
50.127
50.235
50.343
50.45
50.558
50.666
50.774
50.882
50.989
51.097
51.205
51.313
51.421
51.528
51.636
51.744
51.852
51.96
52.067
52.175
52.283
52.391
52.499
52.606
52.714
52.822
52.93
53.038
53.145
53.253
53.361
53.469
53.577
53.684
53.792
53.9
54.008
54.116
54.223
54.331
54.439
54.547
54.655
54.762
54.87
54.978
55.086
55.194
55.301
55.409
55.517
55.625
55.733
55.84
55.948
56.056
56.164
56.272
56.379
56.487
56.595
56.703
56.811
56.918
57.026
57.134
57.242
57.35
57.457
57.565
57.673
57.781
57.889
57.996
58.104
58.212
58.32
58.428
58.535
58.643
58.751
58.859
58.967
59.074
59.182
59.29
59.398
59.506
59.613
59.721
59.829
59.937
60.045
60.152
60.26
60.368
60.476
60.584
60.691
60.799
60.907
61.015
61.123
61.23
61.338
61.446
61.554
61.662
61.769
61.877
61.985
62.093
62.201
62.308
62.416
62.524
62.632
62.74
62.847
62.955
63.063
63.171
63.279
63.386
63.494
63.602
63.71
63.818
63.925
64.033
64.141
64.249
64.357
64.464
64.572
64.68
64.788
64.896
65.003
65.111
65.219
65.327
65.435
65.542
65.65
65.758
65.866
65.974
66.081
66.189
66.297
66.405
66.513
66.62
66.728
66.836
66.944
67.052
67.159
67.267
67.375
67.483
67.591
67.698
67.806
67.914
68.022
68.13
68.237
68.345
68.453
68.561
68.669
68.776
68.884
68.992
69.1
69.208
69.315
69.423
69.531
69.639
69.747
69.854
69.962
70.07
70.178
70.286
70.393
70.501
70.609
70.717
70.825
70.932
71.04
71.148
71.256
71.364
71.471
71.579
71.687
71.795
71.903
72.01
72.118
72.226
72.334
72.442
72.549
72.657
72.765
72.873
72.981
73.088
73.196
73.304
73.412
73.52
73.627
73.735
73.843
73.951
74.059
74.166
74.274
74.382
74.49
74.598
74.705
74.813
74.921
75.029
75.137
75.244
75.352
75.46
75.568
75.676
75.783
75.891
75.999
76.107
76.215
76.322
76.43
76.538
76.646
76.754
76.861
76.969
77.077
77.185
77.293
77.4
77.508
77.616
77.724
77.832
77.939
78.047
78.155
78.263
78.371
78.478
78.586
78.694
78.802
78.91
79.017
79.125
79.233
79.341
79.449
79.556
79.664
79.772
79.88
79.988
80.095
80.203
80.311
80.419
80.527
80.634
80.742
80.85
80.958
81.066
81.173
81.281
81.389
81.497
81.605
81.712
81.82
81.928
82.036
82.144
82.251
82.359
82.467
82.575
82.683
82.79
82.898
83.006
83.114
83.222
83.329
83.437
83.545
83.653
83.761
83.868
83.976
84.084
84.192
84.3
84.407
84.515
84.623
84.731
84.839
84.946
85.054
85.162
85.27
85.378
85.485
85.593
85.701
85.809
85.917
86.024
86.132
86.24
86.348
86.456
86.563
86.671
86.779
86.887
86.995
87.102
87.21
87.318
87.426
87.534
87.641
87.749
87.857
87.965
88.073
88.18
88.288
88.396
88.504
88.612
88.719
88.827
88.935
89.043
89.151
89.258
89.366
89.474
89.582
89.69
89.797
89.905
90.013
90.121
90.229
90.336
90.444
90.552
90.66
90.768
90.875
90.983
91.091
91.199
91.307
91.414
91.522
91.63
91.738
91.846
91.953
92.061
92.169
92.277
92.385
92.492
92.6
92.708
92.816
92.924
93.031
93.139
93.247
93.355
93.463
93.57
93.678
93.786
93.894
94.002
94.109
94.217
94.325
94.433
94.541
94.648
94.756
94.864
94.972
95.08
95.187
95.295
95.403
95.511
95.619
95.726
95.834
95.942
96.05
96.158
96.265
96.373
96.481
96.589
96.697
96.804
96.912
97.02
97.128
97.236
97.343
97.451
97.559
97.667
97.775
97.882
97.99
98.098
98.206
98.314
98.421
98.529
98.637
98.745
98.853
98.96
99.068
99.176
99.284
99.392
99.499
99.607
99.715
99.823
99.931
100.04
100.15
100.25
100.36
100.47
100.58
100.69
100.79
100.9
101.01
101.12
101.22
101.33
101.44
101.55
101.66
101.76
101.87
101.98
102.09
102.19
102.3
102.41
102.52
102.63
102.73
102.84
102.95
103.06
103.16
103.27
103.38
103.49
103.6
103.7
103.81
103.92
104.03
104.13
104.24
104.35
104.46
104.57
104.67
104.78
104.89
105
105.1
105.21
105.32
105.43
105.54
105.64
105.75
105.86
105.97
106.08
106.18
106.29
106.4
106.51
106.61
106.72
106.83
106.94
107.05
107.15
107.26
107.37
107.48
107.58
107.69
107.8
