   3.0000000e-01
   6.9118110e+00
   1.3523622e+01
   2.0135433e+01
   2.6747244e+01
   3.3359055e+01
   3.9970866e+01
   4.6582677e+01
   5.3194488e+01
   5.9806299e+01
   6.6418110e+01
   7.3029921e+01
   7.9641732e+01
   8.6253543e+01
   9.2865354e+01
   9.9477165e+01
   1.0608898e+02
   1.1270079e+02
   1.1931260e+02
   1.2592441e+02
   1.3253622e+02
   1.3914803e+02
   1.4575984e+02
   1.5237165e+02
   1.5898346e+02
   1.6559528e+02
   1.7220709e+02
   1.7881890e+02
   1.8543071e+02
   1.9204252e+02
   1.9865433e+02
   2.0526614e+02
   2.1187795e+02
   2.1848976e+02
   2.2510157e+02
   2.3171339e+02
   2.3832520e+02
   2.4493701e+02
   2.5154882e+02
   2.5816063e+02
   2.6477244e+02
   2.7138425e+02
   2.7799606e+02
   2.8460787e+02
   2.9121969e+02
   2.9783150e+02
   3.0444331e+02
   3.1105512e+02
   3.1766693e+02
   3.2427874e+02
   3.3089055e+02
   3.3750236e+02
   3.4411417e+02
   3.5072598e+02
   3.5733780e+02
   3.6394961e+02
   3.7056142e+02
   3.7717323e+02
   3.8378504e+02
   3.9039685e+02
   3.9700866e+02
   4.0362047e+02
   4.1023228e+02
   4.1684409e+02
   4.2345591e+02
   4.3006772e+02
   4.3667953e+02
   4.4329134e+02
   4.4990315e+02
   4.5651496e+02
   4.6312677e+02
   4.6973858e+02
   4.7635039e+02
   4.8296220e+02
   4.8957402e+02
   4.9618583e+02
   5.0279764e+02
   5.0940945e+02
   5.1602126e+02
   5.2263307e+02
   5.2924488e+02
   5.3585669e+02
   5.4246850e+02
   5.4908031e+02
   5.5569213e+02
   5.6230394e+02
   5.6891575e+02
   5.7552756e+02
   5.8213937e+02
   5.8875118e+02
   5.9536299e+02
   6.0197480e+02
   6.0858661e+02
   6.1519843e+02
   6.2181024e+02
   6.2842205e+02
   6.3503386e+02
   6.4164567e+02
   6.4825748e+02
   6.5486929e+02
   6.6148110e+02
   6.6809291e+02
   6.7470472e+02
   6.8131654e+02
   6.8792835e+02
   6.9454016e+02
   7.0115197e+02
   7.0776378e+02
   7.1437559e+02
   7.2098740e+02
   7.2759921e+02
   7.3421102e+02
   7.4082283e+02
   7.4743465e+02
   7.5404646e+02
   7.6065827e+02
   7.6727008e+02
   7.7388189e+02
   7.8049370e+02
   7.8710551e+02
   7.9371732e+02
   8.0032913e+02
   8.0694094e+02
   8.1355276e+02
   8.2016457e+02
   8.2677638e+02
   8.3338819e+02
   8.4000000e+02
