0.01
0.012216
0.014924
0.018231
0.022272
0.027208
0.033238
0.040604
0.049603
0.060596
0.074026
0.090432
0.11047
0.13496
0.16487
0.20141
0.24605
0.30058
0.36719
0.44857
0.54798
0.66943
0.8178
0.99904
1.2205
1.4909
1.8214
2.225
2.7182
3.3206
4.0565
4.9555
6.0538
7.3955
9.0346
11.037
13.483
16.471
20.122
24.581
30.029
36.684
44.814
54.746
66.879
81.701
99.809
121.93
148.95
181.96
222.29
271.56
331.74
405.26
495.08
604.8
738.84
902.59
1102.6
1347
1645.5
2010.2
2455.7
3000
