0.1
0.11778
0.13872
0.16338
0.19243
0.22664
0.26693
0.31438
0.37027
0.4361
0.51363
0.60495
0.7125
0.83917
0.98836
1.1641
1.371
1.6148
1.9019
2.24
2.6382
3.1072
3.6596
4.3103
5.0766
5.9791
7.0421
8.294
9.7686
11.505
13.551
15.96
18.797
22.139
26.075
30.711
36.171
42.601
50.175
59.095
69.601
81.975
96.549
113.71
133.93
157.74
185.78
218.81
257.72
303.53
357.5
421.05
495.91
584.07
687.91
810.21
954.25
1123.9
1323.7
1559
1836.2
2162.7
2547.2
3000
