0.3
6.9118
13.524
20.135
26.747
33.359
39.971
46.583
53.194
59.806
66.418
73.03
79.642
86.254
92.865
99.477
106.09
112.7
119.31
125.92
132.54
139.15
145.76
152.37
158.98
165.6
172.21
178.82
185.43
192.04
198.65
205.27
211.88
218.49
225.1
231.71
238.33
244.94
251.55
258.16
264.77
271.38
278
284.61
291.22
297.83
304.44
311.06
317.67
324.28
330.89
337.5
344.11
350.73
357.34
363.95
370.56
377.17
383.79
390.4
397.01
403.62
410.23
416.84
423.46
430.07
436.68
443.29
449.9
456.51
463.13
469.74
476.35
482.96
489.57
496.19
502.8
509.41
516.02
522.63
529.24
535.86
542.47
549.08
555.69
562.3
568.92
575.53
582.14
588.75
595.36
601.97
608.59
615.2
621.81
628.42
635.03
641.65
648.26
654.87
661.48
668.09
674.7
681.32
687.93
694.54
701.15
707.76
714.38
720.99
727.6
734.21
740.82
747.43
754.05
760.66
767.27
773.88
780.49
787.11
793.72
800.33
806.94
813.55
820.16
826.78
833.39
840
