0.3
0.6
0.9
1.2
1.5
1.8
2.1
2.4
2.7
3
3.3
3.6
3.9
4.2
4.5
4.8
5.1
5.4
5.7
6
6.3
6.6
6.9
7.2
7.5
7.8
8.1
8.4
8.7
9
9.3
9.6
9.9
10.2
10.5
10.8
11.1
11.4
11.7
12
12.3
12.6
12.9
13.2
13.5
13.8
14.1
14.4
14.7
15
15.3
15.6
15.9
16.2
16.5
16.8
17.1
17.4
17.7
18
18.3
18.6
18.9
19.2
19.5
19.8
20.1
20.4
20.7
21
21.3
21.6
21.9
22.2
22.5
22.8
23.1
23.4
23.7
24
24.3
24.6
24.9
25.2
25.5
25.8
26.1
26.4
26.7
27
27.3
27.6
27.9
28.2
28.5
28.8
29.1
29.4
29.7
30
30.3
30.6
30.9
31.2
31.5
31.8
32.1
32.4
32.7
33
33.3
33.6
33.9
34.2
34.5
34.8
35.1
35.4
35.7
36
36.3
36.6
36.9
37.2
37.5
37.8
38.1
38.4
38.7
39
39.3
39.6
39.9
40.2
40.5
40.8
41.1
41.4
41.7
42
42.3
42.6
42.9
43.2
43.5
43.8
44.1
44.4
44.7
45
45.3
45.6
45.9
46.2
46.5
46.8
47.1
47.4
47.7
48
48.3
48.6
48.9
49.2
49.5
49.8
50.1
50.4
50.7
51
51.3
51.6
51.9
52.2
52.5
52.8
53.1
53.4
53.7
54
54.3
54.6
54.9
55.2
55.5
55.8
56.1
56.4
56.7
57
57.3
57.6
57.9
58.2
58.5
58.8
59.1
59.4
59.7
60
60.3
60.6
60.9
61.2
61.5
61.8
62.1
62.4
62.7
63
63.3
63.6
63.9
64.2
64.5
64.8
65.1
65.4
65.7
66
66.3
66.6
66.9
67.2
67.5
67.8
68.1
68.4
68.7
69
69.3
69.6
69.9
70.2
70.5
70.8
71.1
71.4
71.7
72
72.3
72.6
72.9
73.2
73.5
73.8
74.1
74.4
74.7
75
75.3
75.6
75.9
76.2
76.5
76.8
77.1
77.4
77.7
78
78.3
78.6
78.9
79.2
79.5
79.8
80.1
80.4
80.7
81
81.3
81.6
81.9
82.2
82.5
82.8
83.1
83.4
83.7
84
84.3
84.6
84.9
85.2
85.5
85.8
86.1
86.4
86.7
87
87.3
87.6
87.9
88.2
88.5
88.8
89.1
89.4
89.7
90
90.3
90.6
90.9
91.2
91.5
91.8
92.1
92.4
92.7
93
93.3
93.6
93.9
94.2
94.5
94.8
95.1
95.4
95.7
96
96.3
96.6
96.9
97.2
97.5
97.8
98.1
98.4
98.7
99
99.3
99.6
99.9
100.2
100.5
100.8
101.1
101.4
101.7
102
102.3
102.6
102.9
103.2
103.5
103.8
104.1
104.4
104.7
105
105.3
105.6
105.9
106.2
106.5
106.8
107.1
107.4
107.7
108
108.3
108.6
108.9
109.2
109.5
109.8
110.1
110.4
110.7
111
111.3
111.6
111.9
112.2
112.5
112.8
113.1
113.4
113.7
114
114.3
114.6
114.9
115.2
115.5
115.8
116.1
116.4
116.7
117
117.3
117.6
117.9
118.2
118.5
118.8
119.1
119.4
119.7
120
120.3
120.6
120.9
121.2
121.5
121.8
122.1
122.4
122.7
123
123.3
123.6
123.9
124.2
124.5
124.8
125.1
125.4
125.7
126
126.3
126.6
126.9
127.2
127.5
127.8
128.1
128.4
128.7
129
129.3
129.6
129.9
130.2
130.5
130.8
131.1
131.4
131.7
132
132.3
132.6
132.9
133.2
133.5
133.8
134.1
134.4
134.7
135
135.3
135.6
135.9
136.2
136.5
136.8
137.1
137.4
137.7
138
138.3
138.6
138.9
139.2
139.5
139.8
140.1
140.4
140.7
141
141.3
141.6
141.9
142.2
142.5
142.8
143.1
143.4
143.7
144
144.3
144.6
144.9
145.2
145.5
145.8
146.1
146.4
146.7
147
147.3
147.6
147.9
148.2
148.5
148.8
149.1
149.4
149.7
150
150.3
150.6
150.9
151.2
151.5
151.8
152.1
152.4
152.7
153
153.3
153.6
153.9
154.2
154.5
154.8
155.1
155.4
155.7
156
156.3
156.6
156.9
157.2
157.5
157.8
158.1
158.4
158.7
159
159.3
159.6
159.9
160.2
160.5
160.8
161.1
161.4
161.7
162
162.3
162.6
162.9
163.2
163.5
163.8
164.1
164.4
164.7
165
165.3
165.6
165.9
166.2
166.5
166.8
167.1
167.4
167.7
168
168.3
168.6
168.9
169.2
169.5
169.8
170.1
170.4
170.7
171
171.3
171.6
171.9
172.2
172.5
172.8
173.1
173.4
173.7
174
174.3
174.6
174.9
175.2
175.5
175.8
176.1
176.4
176.7
177
177.3
177.6
177.9
178.2
178.5
178.8
179.1
179.4
179.7
180
180.3
180.6
180.9
181.2
181.5
181.8
182.1
182.4
182.7
183
183.3
183.6
183.9
184.2
184.5
184.8
185.1
185.4
185.7
186
186.3
186.6
186.9
187.2
187.5
187.8
188.1
188.4
188.7
189
189.3
189.6
189.9
190.2
190.5
190.8
191.1
191.4
191.7
192
192.3
192.6
192.9
193.2
193.5
193.8
194.1
194.4
194.7
195
195.3
195.6
195.9
196.2
196.5
196.8
197.1
197.4
197.7
198
198.3
198.6
198.9
199.2
199.5
199.8
200.1
200.4
200.7
201
201.3
201.6
201.9
202.2
202.5
202.8
203.1
203.4
203.7
204
204.3
204.6
204.9
205.2
205.5
205.8
206.1
206.4
206.7
207
207.3
207.6
207.9
208.2
208.5
208.8
209.1
209.4
209.7
210
210.3
210.6
210.9
211.2
211.5
211.8
212.1
212.4
212.7
213
213.3
213.6
213.9
214.2
214.5
214.8
215.1
215.4
215.7
216
216.3
216.6
216.9
217.2
217.5
217.8
218.1
218.4
218.7
219
219.3
219.6
219.9
220.2
220.5
220.8
221.1
221.4
221.7
222
222.3
222.6
222.9
223.2
223.5
223.8
224.1
224.4
224.7
225
225.3
225.6
225.9
226.2
226.5
226.8
227.1
227.4
227.7
228
228.3
228.6
228.9
229.2
229.5
229.8
230.1
230.4
230.7
231
231.3
231.6
231.9
232.2
232.5
232.8
233.1
233.4
233.7
234
234.3
234.6
234.9
235.2
235.5
235.8
236.1
236.4
236.7
237
237.3
237.6
237.9
238.2
238.5
238.8
239.1
239.4
239.7
240
240.3
240.6
240.9
241.2
241.5
241.8
242.1
242.4
242.7
243
243.3
243.6
243.9
244.2
244.5
244.8
245.1
245.4
245.7
246
246.3
246.6
246.9
247.2
247.5
247.8
248.1
248.4
248.7
249
249.3
249.6
249.9
250.2
250.5
250.8
251.1
251.4
251.7
252
252.3
252.6
252.9
253.2
253.5
253.8
254.1
254.4
254.7
255
255.3
255.6
255.9
256.2
256.5
256.8
257.1
257.4
257.7
258
258.3
258.6
258.9
259.2
259.5
259.8
260.1
260.4
260.7
261
261.3
261.6
261.9
262.2
262.5
262.8
263.1
263.4
263.7
264
264.3
264.6
264.9
265.2
265.5
265.8
266.1
266.4
266.7
267
267.3
267.6
267.9
268.2
268.5
268.8
269.1
269.4
269.7
270
270.3
270.6
270.9
271.2
271.5
271.8
272.1
272.4
272.7
273
273.3
273.6
273.9
274.2
274.5
274.8
275.1
275.4
275.7
276
276.3
276.6
276.9
277.2
277.5
277.8
278.1
278.4
278.7
279
279.3
279.6
279.9
280.2
280.5
280.8
281.1
281.4
281.7
282
282.3
282.6
282.9
283.2
283.5
283.8
284.1
284.4
284.7
285
285.3
285.6
285.9
286.2
286.5
286.8
287.1
287.4
287.7
288
288.3
288.6
288.9
289.2
289.5
289.8
290.1
290.4
290.7
291
291.3
291.6
291.9
292.2
292.5
292.8
293.1
293.4
293.7
294
294.3
294.6
294.9
295.2
295.5
295.8
296.1
296.4
296.7
297
297.3
297.6
297.9
298.2
298.5
298.8
299.1
299.4
299.7
300
300.3
300.6
300.9
301.2
301.5
301.8
302.1
302.4
302.7
303
303.3
303.6
303.9
304.2
304.5
304.8
305.1
305.4
305.7
306
306.3
306.6
306.9
307.2
307.5
307.8
308.1
308.4
308.7
309
309.3
309.6
309.9
310.2
310.5
310.8
311.1
311.4
311.7
312
312.3
312.6
312.9
313.2
313.5
313.8
314.1
314.4
314.7
315
315.3
315.6
315.9
316.2
316.5
316.8
317.1
317.4
317.7
318
318.3
318.6
318.9
319.2
319.5
319.8
320.1
320.4
320.7
321
321.3
321.6
321.9
322.2
322.5
322.8
323.1
323.4
323.7
324
324.3
324.6
324.9
325.2
325.5
325.8
326.1
326.4
326.7
327
327.3
327.6
327.9
328.2
328.5
328.8
329.1
329.4
329.7
330
330.3
330.6
330.9
331.2
331.5
331.8
332.1
332.4
332.7
333
333.3
333.6
333.9
334.2
334.5
334.8
335.1
335.4
335.7
336
336.3
336.6
336.9
337.2
337.5
337.8
338.1
338.4
338.7
339
339.3
339.6
339.9
340.2
340.5
340.8
341.1
341.4
341.7
342
342.3
342.6
342.9
343.2
343.5
343.8
344.1
344.4
344.7
345
345.3
345.6
345.9
346.2
346.5
346.8
347.1
347.4
347.7
348
348.3
348.6
348.9
349.2
349.5
349.8
350.1
350.4
350.7
351
351.3
351.6
351.9
352.2
352.5
352.8
353.1
353.4
353.7
354
354.3
354.6
354.9
355.2
355.5
355.8
356.1
356.4
356.7
357
357.3
357.6
357.9
358.2
358.5
358.8
359.1
359.4
359.7
360
360.3
360.6
360.9
361.2
361.5
361.8
362.1
362.4
362.7
363
363.3
363.6
363.9
364.2
364.5
364.8
365.1
365.4
365.7
366
366.3
366.6
366.9
367.2
367.5
367.8
368.1
368.4
368.7
369
369.3
369.6
369.9
370.2
370.5
370.8
371.1
371.4
371.7
372
372.3
372.6
372.9
373.2
373.5
373.8
374.1
374.4
374.7
375
375.3
375.6
375.9
376.2
376.5
376.8
377.1
377.4
377.7
378
378.3
378.6
378.9
379.2
379.5
379.8
380.1
380.4
380.7
381
381.3
381.6
381.9
382.2
382.5
382.8
383.1
383.4
383.7
384
384.3
384.6
384.9
385.2
385.5
385.8
386.1
386.4
386.7
387
387.3
387.6
387.9
388.2
388.5
388.8
389.1
389.4
389.7
390
390.3
390.6
390.9
391.2
391.5
391.8
392.1
392.4
392.7
393
393.3
393.6
393.9
394.2
394.5
394.8
395.1
395.4
395.7
396
396.3
396.6
396.9
397.2
397.5
397.8
398.1
398.4
398.7
399
399.3
399.6
399.9
400.2
400.5
400.8
401.1
401.4
401.7
402
402.3
402.6
402.9
403.2
403.5
403.8
404.1
404.4
404.7
405
405.3
405.6
405.9
406.2
406.5
406.8
407.1
407.4
407.7
408
408.3
408.6
408.9
409.2
409.5
409.8
410.1
410.4
410.7
411
411.3
411.6
411.9
412.2
412.5
412.8
413.1
413.4
413.7
414
414.3
414.6
414.9
415.2
415.5
415.8
416.1
416.4
416.7
417
417.3
417.6
417.9
418.2
418.5
418.8
419.1
419.4
419.7
420
420.3
420.6
420.9
421.2
421.5
421.8
422.1
422.4
422.7
423
423.3
423.6
423.9
424.2
424.5
424.8
425.1
425.4
425.7
426
426.3
426.6
426.9
427.2
427.5
427.8
428.1
428.4
428.7
429
429.3
429.6
429.9
430.2
430.5
430.8
431.1
431.4
431.7
432
432.3
432.6
432.9
433.2
433.5
433.8
434.1
434.4
434.7
435
435.3
435.6
435.9
436.2
436.5
436.8
437.1
437.4
437.7
438
438.3
438.6
438.9
439.2
439.5
439.8
440.1
440.4
440.7
441
441.3
441.6
441.9
442.2
442.5
442.8
443.1
443.4
443.7
444
444.3
444.6
444.9
445.2
445.5
445.8
446.1
446.4
446.7
447
447.3
447.6
447.9
448.2
448.5
448.8
449.1
449.4
449.7
450
450.3
450.6
450.9
451.2
451.5
451.8
452.1
452.4
452.7
453
453.3
453.6
453.9
454.2
454.5
454.8
455.1
455.4
455.7
456
456.3
456.6
456.9
457.2
457.5
457.8
458.1
458.4
458.7
459
459.3
459.6
459.9
460.2
460.5
460.8
461.1
461.4
461.7
462
462.3
462.6
462.9
463.2
463.5
463.8
464.1
464.4
464.7
465
465.3
465.6
465.9
466.2
466.5
466.8
467.1
467.4
467.7
468
468.3
468.6
468.9
469.2
469.5
469.8
470.1
470.4
470.7
471
471.3
471.6
471.9
472.2
472.5
472.8
473.1
473.4
473.7
474
474.3
474.6
474.9
475.2
475.5
475.8
476.1
476.4
476.7
477
477.3
477.6
477.9
478.2
478.5
478.8
479.1
479.4
479.7
480
480.3
480.6
480.9
481.2
481.5
481.8
482.1
482.4
482.7
483
483.3
483.6
483.9
484.2
484.5
484.8
485.1
485.4
485.7
486
486.3
486.6
486.9
487.2
487.5
487.8
488.1
488.4
488.7
489
489.3
489.6
489.9
490.2
490.5
490.8
491.1
491.4
491.7
492
492.3
492.6
492.9
493.2
493.5
493.8
494.1
494.4
494.7
495
495.3
495.6
495.9
496.2
496.5
496.8
497.1
497.4
497.7
498
498.3
498.6
498.9
499.2
499.5
499.8
500.1
500.4
500.7
501
501.3
501.6
501.9
502.2
502.5
502.8
503.1
503.4
503.7
504
504.3
504.6
504.9
505.2
505.5
505.8
506.1
506.4
506.7
507
507.3
507.6
507.9
508.2
508.5
508.8
509.1
509.4
509.7
510
510.3
510.6
510.9
511.2
511.5
511.8
512.1
512.4
512.7
513
513.3
513.6
513.9
514.2
514.5
514.8
515.1
515.4
515.7
516
516.3
516.6
516.9
517.2
517.5
517.8
518.1
518.4
518.7
519
519.3
519.6
519.9
520.2
520.5
520.8
521.1
521.4
521.7
522
522.3
522.6
522.9
523.2
523.5
523.8
524.1
524.4
524.7
525
525.3
525.6
525.9
526.2
526.5
526.8
527.1
527.4
527.7
528
528.3
528.6
528.9
529.2
529.5
529.8
530.1
530.4
530.7
531
531.3
531.6
531.9
532.2
532.5
532.8
533.1
533.4
533.7
534
534.3
534.6
534.9
535.2
535.5
535.8
536.1
536.4
536.7
537
537.3
537.6
537.9
538.2
538.5
538.8
539.1
539.4
539.7
540
540.3
540.6
540.9
541.2
541.5
541.8
542.1
542.4
542.7
543
543.3
543.6
543.9
544.2
544.5
544.8
545.1
545.4
545.7
546
546.3
546.6
546.9
547.2
547.5
547.8
548.1
548.4
548.7
549
549.3
549.6
549.9
550.2
550.5
550.8
551.1
551.4
551.7
552
552.3
552.6
552.9
553.2
553.5
553.8
554.1
554.4
554.7
555
555.3
555.6
555.9
556.2
556.5
556.8
557.1
557.4
557.7
558
558.3
558.6
558.9
559.2
559.5
559.8
560.1
560.4
560.7
561
561.3
561.6
561.9
562.2
562.5
562.8
563.1
563.4
563.7
564
564.3
564.6
564.9
565.2
565.5
565.8
566.1
566.4
566.7
567
567.3
567.6
567.9
568.2
568.5
568.8
569.1
569.4
569.7
570
570.3
570.6
570.9
571.2
571.5
571.8
572.1
572.4
572.7
573
573.3
573.6
573.9
574.2
574.5
574.8
575.1
575.4
575.7
576
576.3
576.6
576.9
577.2
577.5
577.8
578.1
578.4
578.7
579
579.3
579.6
579.9
580.2
580.5
580.8
581.1
581.4
581.7
582
582.3
582.6
582.9
583.2
583.5
583.8
584.1
584.4
584.7
585
585.3
585.6
585.9
586.2
586.5
586.8
587.1
587.4
587.7
588
588.3
588.6
588.9
589.2
589.5
589.8
590.1
590.4
590.7
591
591.3
591.6
591.9
592.2
592.5
592.8
593.1
593.4
593.7
594
594.3
594.6
594.9
595.2
595.5
595.8
596.1
596.4
596.7
597
597.3
597.6
597.9
598.2
598.5
598.8
599.1
599.4
599.7
600
600.3
600.6
600.9
601.2
601.5
601.8
602.1
602.4
602.7
603
603.3
603.6
603.9
604.2
604.5
604.8
605.1
605.4
605.7
606
606.3
606.6
606.9
607.2
607.5
607.8
608.1
608.4
608.7
609
609.3
609.6
609.9
610.2
610.5
610.8
611.1
611.4
611.7
612
612.3
612.6
612.9
613.2
613.5
613.8
614.1
614.4
614.7
615
615.3
615.6
615.9
616.2
616.5
616.8
617.1
617.4
617.7
618
618.3
618.6
618.9
619.2
619.5
619.8
620.1
620.4
620.7
621
621.3
621.6
621.9
622.2
622.5
622.8
623.1
623.4
623.7
624
624.3
624.6
624.9
625.2
625.5
625.8
626.1
626.4
626.7
627
627.3
627.6
627.9
628.2
628.5
628.8
629.1
629.4
629.7
630
630.3
630.6
630.9
631.2
631.5
631.8
632.1
632.4
632.7
633
633.3
633.6
633.9
634.2
634.5
634.8
635.1
635.4
635.7
636
636.3
636.6
636.9
637.2
637.5
637.8
638.1
638.4
638.7
639
639.3
639.6
639.9
640.2
640.5
640.8
641.1
641.4
641.7
642
642.3
642.6
642.9
643.2
643.5
643.8
644.1
644.4
644.7
645
645.3
645.6
645.9
646.2
646.5
646.8
647.1
647.4
647.7
648
648.3
648.6
648.9
649.2
649.5
649.8
650.1
650.4
650.7
651
651.3
651.6
651.9
652.2
652.5
652.8
653.1
653.4
653.7
654
654.3
654.6
654.9
655.2
655.5
655.8
656.1
656.4
656.7
657
657.3
657.6
657.9
658.2
658.5
658.8
659.1
659.4
659.7
660
660.3
660.6
660.9
661.2
661.5
661.8
662.1
662.4
662.7
663
663.3
663.6
663.9
664.2
664.5
664.8
665.1
665.4
665.7
666
666.3
666.6
666.9
667.2
667.5
667.8
668.1
668.4
668.7
669
669.3
669.6
669.9
670.2
670.5
670.8
671.1
671.4
671.7
672
672.3
672.6
672.9
673.2
673.5
673.8
674.1
674.4
674.7
675
675.3
675.6
675.9
676.2
676.5
676.8
677.1
677.4
677.7
678
678.3
678.6
678.9
679.2
679.5
679.8
680.1
680.4
680.7
681
681.3
681.6
681.9
682.2
682.5
682.8
683.1
683.4
683.7
684
684.3
684.6
684.9
685.2
685.5
685.8
686.1
686.4
686.7
687
687.3
687.6
687.9
688.2
688.5
688.8
689.1
689.4
689.7
690
690.3
690.6
690.9
691.2
691.5
691.8
692.1
692.4
692.7
693
693.3
693.6
693.9
694.2
694.5
694.8
695.1
695.4
695.7
696
696.3
696.6
696.9
697.2
697.5
697.8
698.1
698.4
698.7
699
699.3
699.6
699.9
700.2
700.5
700.8
701.1
701.4
701.7
702
702.3
702.6
702.9
703.2
703.5
703.8
704.1
704.4
704.7
705
705.3
705.6
705.9
706.2
706.5
706.8
707.1
707.4
707.7
708
708.3
708.6
708.9
709.2
709.5
709.8
710.1
710.4
710.7
711
711.3
711.6
711.9
712.2
712.5
712.8
713.1
713.4
713.7
714
714.3
714.6
714.9
715.2
715.5
715.8
716.1
716.4
716.7
717
717.3
717.6
717.9
718.2
718.5
718.8
719.1
719.4
719.7
720
720.3
720.6
720.9
721.2
721.5
721.8
722.1
722.4
722.7
723
723.3
723.6
723.9
724.2
724.5
724.8
725.1
725.4
725.7
726
726.3
726.6
726.9
727.2
727.5
727.8
728.1
728.4
728.7
729
729.3
729.6
729.9
730.2
730.5
730.8
731.1
731.4
731.7
732
732.3
732.6
732.9
733.2
733.5
733.8
734.1
734.4
734.7
735
735.3
735.6
735.9
736.2
736.5
736.8
737.1
737.4
737.7
738
738.3
738.6
738.9
739.2
739.5
739.8
740.1
740.4
740.7
741
741.3
741.6
741.9
742.2
742.5
742.8
743.1
743.4
743.7
744
744.3
744.6
744.9
745.2
745.5
745.8
746.1
746.4
746.7
747
747.3
747.6
747.9
748.2
748.5
748.8
749.1
749.4
749.7
750
750.3
750.6
750.9
751.2
751.5
751.8
752.1
752.4
752.7
753
753.3
753.6
753.9
754.2
754.5
754.8
755.1
755.4
755.7
756
756.3
756.6
756.9
757.2
757.5
757.8
758.1
758.4
758.7
759
759.3
759.6
759.9
760.2
760.5
760.8
761.1
761.4
761.7
762
762.3
762.6
762.9
763.2
763.5
763.8
764.1
764.4
764.7
765
765.3
765.6
765.9
766.2
766.5
766.8
767.1
767.4
767.7
768
768.3
768.6
768.9
769.2
769.5
769.8
770.1
770.4
770.7
771
771.3
771.6
771.9
772.2
772.5
772.8
773.1
773.4
773.7
774
774.3
774.6
774.9
775.2
775.5
775.8
776.1
776.4
776.7
777
777.3
777.6
777.9
778.2
778.5
778.8
779.1
779.4
779.7
780
780.3
780.6
780.9
781.2
781.5
781.8
782.1
782.4
782.7
783
783.3
783.6
783.9
784.2
784.5
784.8
785.1
785.4
785.7
786
786.3
786.6
786.9
787.2
787.5
787.8
788.1
788.4
788.7
789
789.3
789.6
789.9
790.2
790.5
790.8
791.1
791.4
791.7
792
792.3
792.6
792.9
793.2
793.5
793.8
794.1
794.4
794.7
795
795.3
795.6
795.9
796.2
796.5
796.8
797.1
797.4
797.7
798
798.3
798.6
798.9
799.2
799.5
799.8
800.1
800.4
800.7
801
801.3
801.6
801.9
802.2
802.5
802.8
803.1
803.4
803.7
804
804.3
804.6
804.9
805.2
805.5
805.8
806.1
806.4
806.7
807
807.3
807.6
807.9
808.2
808.5
808.8
809.1
809.4
809.7
810
810.3
810.6
810.9
811.2
811.5
811.8
812.1
812.4
812.7
813
813.3
813.6
813.9
814.2
814.5
814.8
815.1
815.4
815.7
816
816.3
816.6
816.9
817.2
817.5
817.8
818.1
818.4
818.7
819
819.3
819.6
819.9
820.2
820.5
820.8
821.1
821.4
821.7
822
822.3
822.6
822.9
823.2
823.5
823.8
824.1
824.4
824.7
825
825.3
825.6
825.9
826.2
826.5
826.8
827.1
827.4
827.7
828
828.3
828.6
828.9
829.2
829.5
829.8
830.1
830.4
830.7
831
831.3
831.6
831.9
832.2
832.5
832.8
833.1
833.4
833.7
834
834.3
834.6
834.9
835.2
835.5
835.8
836.1
836.4
836.7
837
837.3
837.6
837.9
838.2
838.5
838.8
839.1
839.4
839.7
840
