1.0000000000000e+00
1.0655137417733e+00
1.1353195339078e+00
1.2096985646824e+00
1.2889504440725e+00
1.3733944106241e+00
1.4633706173946e+00
1.5592415021413e+00
1.6613932472748e+00
1.7702373354607e+00
1.8862122071335e+00
2.0097850266013e+00
2.1414535638540e+00
2.2817481996558e+00
2.4312340619998e+00
2.5905133025281e+00
2.7602275220903e+00
2.9410603552081e+00
3.1337402238589e+00
3.3390432716694e+00
3.5577964903395e+00
3.7908810508896e+00
4.0392358531509e+00
4.3038613077957e+00
4.5858233661428e+00
4.8862578139703e+00
5.2063748466326e+00
5.5474639439099e+00
5.9108990642280e+00
6.2981441791699e+00
6.7107591705751e+00
7.1504061139791e+00
7.6188559737046e+00
8.1179957365739e+00
8.6498360129767e+00
9.2165191359123e+00
9.8203277906313e+00
1.0463694209636e+01
1.1149209970081e+01
1.1879636433037e+01
1.2657915866672e+01
1.3487183298149e+01
1.4370779141994e+01
1.5312262655784e+01
1.6315426277380e+01
1.7384310901437e+01
1.8523222156741e+01
1.9736747749928e+01
2.1029775945461e+01
2.2407515256303e+01
2.3875515424586e+01
2.5439689776817e+01
2.7106339043648e+01
2.8882176740174e+01
3.0774356208981e+01
3.2790499434896e+01
3.4938727747491e+01
3.7227694535028e+01
3.9666620101612e+01
4.2265328807969e+01
4.5034288645458e+01
4.7984653402722e+01
5.1128307594829e+01
5.4477914335903e+01
5.8046966348054e+01
6.1849840312105e+01
6.5901854779033e+01
7.0219331875408e+01
7.4819663051388e+01
7.9721379136103e+01
8.4944224982638e+01
9.0509239003285e+01
9.6438837915445e+01
1.0275690703956e+02
1.0948889651277e+02
1.1666192380595e+02
1.2430488295695e+02
1.3244856096015e+02
1.4112576178115e+02
1.5037143849604e+02
1.6022283408775e+02
1.7071963146636e+02
1.8190411331788e+02
1.9382133242529e+02
2.0651929314796e+02
2.2004914479046e+02
2.3446538763971e+02
2.4982609250031e+02
2.6619313461261e+02
2.8363244289545e+02
3.0221426551784e+02
3.2201345286918e+02
3.4310975906799e+02
3.6558816322347e+02
3.8953921174427e+02
4.1505938307307e+02
4.4225147631630e+02
4.7122502533456e+02
5.0209673996145e+02
5.3499097612850e+02
5.7004023678964e+02
6.0738570566307e+02
6.4717781594068e+02
6.8957685625563e+02
7.3475361634922e+02
7.8289007503772e+02
8.3418013325063e+02
8.8883039509284e+02
9.4706100007722e+02
1.0091065098799e+03
1.0752168531899e+03
1.1456583324601e+03
1.2207146966133e+03
1.3006882840261e+03
1.3859012403934e+03
1.4766968163798e+03
1.5734407502856e+03
1.6765227412954e+03
1.7863580192457e+03
1.9033890172333e+03
2.0280871538025e+03
2.1609547318904e+03
2.3025269621793e+03
2.4533741190056e+03
2.6141038375115e+03
2.7853635612908e+03
2.9678431503900e+03
3.1622776601684e+03
