5.0760000000000e-01
1.0152000000000e+00
1.5228000000000e+00
2.0304000000000e+00
2.5380000000000e+00
3.0456000000000e+00
3.5532000000000e+00
4.0608000000000e+00
4.5684000000000e+00
5.0760000000000e+00
5.5836000000000e+00
6.0912000000000e+00
6.5988000000000e+00
7.1064000000000e+00
7.6140000000000e+00
8.1216000000000e+00
8.6292000000000e+00
9.1368000000000e+00
9.6444000000000e+00
1.0152000000000e+01
1.0659600000000e+01
1.1167200000000e+01
1.1674800000000e+01
1.2182400000000e+01
1.2690000000000e+01
1.3197600000000e+01
1.3705200000000e+01
1.4212800000000e+01
1.4720400000000e+01
1.5228000000000e+01
1.5735600000000e+01
1.6243200000000e+01
1.6750800000000e+01
1.7258400000000e+01
1.7766000000000e+01
1.8273600000000e+01
1.8781200000000e+01
1.9288800000000e+01
1.9796400000000e+01
2.0304000000000e+01
2.0811600000000e+01
2.1319200000000e+01
2.1826800000000e+01
2.2334400000000e+01
2.2842000000000e+01
2.3349600000000e+01
2.3857200000000e+01
2.4364800000000e+01
2.4872400000000e+01
2.5380000000000e+01
2.5887600000000e+01
2.6395200000000e+01
2.6902800000000e+01
2.7410400000000e+01
2.7918000000000e+01
2.8425600000000e+01
2.8933200000000e+01
2.9440800000000e+01
2.9948400000000e+01
3.0456000000000e+01
3.0963600000000e+01
3.1471200000000e+01
3.1978800000000e+01
3.2486400000000e+01
3.2994000000000e+01
3.3501600000000e+01
3.4009200000000e+01
3.4516800000000e+01
3.5024400000000e+01
3.5532000000000e+01
3.6039600000000e+01
3.6547200000000e+01
3.7054800000000e+01
3.7562400000000e+01
3.8070000000000e+01
3.8577600000000e+01
3.9085200000000e+01
3.9592800000000e+01
4.0100400000000e+01
4.0608000000000e+01
4.1115600000000e+01
4.1623200000000e+01
4.2130800000000e+01
4.2638400000000e+01
4.3146000000000e+01
4.3653600000000e+01
4.4161200000000e+01
4.4668800000000e+01
4.5176400000000e+01
4.5684000000000e+01
4.6191600000000e+01
4.6699200000000e+01
4.7206800000000e+01
4.7714400000000e+01
4.8222000000000e+01
4.8729600000000e+01
4.9237200000000e+01
4.9744800000000e+01
5.0252400000000e+01
5.0760000000000e+01
5.1267600000000e+01
5.1775200000000e+01
5.2282800000000e+01
5.2790400000000e+01
5.3298000000000e+01
5.3805600000000e+01
5.4313200000000e+01
5.4820800000000e+01
5.5328400000000e+01
5.5836000000000e+01
5.6343600000000e+01
5.6851200000000e+01
5.7358800000000e+01
5.7866400000000e+01
5.8374000000000e+01
5.8881600000000e+01
5.9389200000000e+01
5.9896800000000e+01
6.0404400000000e+01
6.0912000000000e+01
6.1419600000000e+01
6.1927200000000e+01
6.2434800000000e+01
6.2942400000000e+01
6.3450000000000e+01
6.3957600000000e+01
6.4465200000000e+01
6.4972800000000e+01
6.5480400000000e+01
6.5988000000000e+01
6.6495600000000e+01
6.7003200000000e+01
6.7510800000000e+01
6.8018400000000e+01
6.8526000000000e+01
6.9033600000000e+01
6.9541200000000e+01
7.0048800000000e+01
7.0556400000000e+01
7.1064000000000e+01
7.1571600000000e+01
7.2079200000000e+01
7.2586800000000e+01
7.3094400000000e+01
7.3602000000000e+01
7.4109600000000e+01
7.4617200000000e+01
7.5124800000000e+01
7.5632400000000e+01
7.6140000000000e+01
7.6647600000000e+01
7.7155200000000e+01
7.7662800000000e+01
7.8170400000000e+01
7.8678000000000e+01
7.9185600000000e+01
7.9693200000000e+01
8.0200800000000e+01
8.0708400000000e+01
8.1216000000000e+01
8.1723600000000e+01
8.2231200000000e+01
8.2738800000000e+01
8.3246400000000e+01
8.3754000000000e+01
8.4261600000000e+01
8.4769200000000e+01
8.5276800000000e+01
8.5784400000000e+01
8.6292000000000e+01
8.6799600000000e+01
8.7307200000000e+01
8.7814800000000e+01
8.8322400000000e+01
8.8830000000000e+01
8.9337600000000e+01
8.9845200000000e+01
9.0352800000000e+01
9.0860400000000e+01
9.1368000000000e+01
9.1875600000000e+01
9.2383200000000e+01
9.2890800000000e+01
9.3398400000000e+01
9.3906000000000e+01
9.4413600000000e+01
9.4921200000000e+01
9.5428800000000e+01
9.5936400000000e+01
9.6444000000000e+01
9.6951600000000e+01
9.7459200000000e+01
9.7966800000000e+01
9.8474400000000e+01
9.8982000000000e+01
9.9489600000000e+01
9.9997200000000e+01
1.0050480000000e+02
1.0101240000000e+02
1.0152000000000e+02
1.0202760000000e+02
1.0253520000000e+02
1.0304280000000e+02
1.0355040000000e+02
1.0405800000000e+02
1.0456560000000e+02
1.0507320000000e+02
1.0558080000000e+02
1.0608840000000e+02
1.0659600000000e+02
1.0710360000000e+02
1.0761120000000e+02
1.0811880000000e+02
1.0862640000000e+02
1.0913400000000e+02
1.0964160000000e+02
1.1014920000000e+02
1.1065680000000e+02
1.1116440000000e+02
1.1167200000000e+02
1.1217960000000e+02
1.1268720000000e+02
1.1319480000000e+02
1.1370240000000e+02
1.1421000000000e+02
1.1471760000000e+02
1.1522520000000e+02
1.1573280000000e+02
1.1624040000000e+02
1.1674800000000e+02
1.1725560000000e+02
1.1776320000000e+02
1.1827080000000e+02
1.1877840000000e+02
1.1928600000000e+02
1.1979360000000e+02
1.2030120000000e+02
1.2080880000000e+02
1.2131640000000e+02
1.2182400000000e+02
1.2233160000000e+02
1.2283920000000e+02
1.2334680000000e+02
1.2385440000000e+02
1.2436200000000e+02
1.2486960000000e+02
1.2537720000000e+02
1.2588480000000e+02
1.2639240000000e+02
1.2690000000000e+02
1.2740760000000e+02
1.2791520000000e+02
1.2842280000000e+02
1.2893040000000e+02
1.2943800000000e+02
1.2994560000000e+02
1.3045320000000e+02
1.3096080000000e+02
1.3146840000000e+02
1.3197600000000e+02
1.3248360000000e+02
1.3299120000000e+02
1.3349880000000e+02
1.3400640000000e+02
1.3451400000000e+02
1.3502160000000e+02
1.3552920000000e+02
1.3603680000000e+02
1.3654440000000e+02
1.3705200000000e+02
1.3755960000000e+02
1.3806720000000e+02
1.3857480000000e+02
1.3908240000000e+02
1.3959000000000e+02
1.4009760000000e+02
1.4060520000000e+02
1.4111280000000e+02
1.4162040000000e+02
1.4212800000000e+02
1.4263560000000e+02
1.4314320000000e+02
1.4365080000000e+02
1.4415840000000e+02
1.4466600000000e+02
1.4517360000000e+02
1.4568120000000e+02
1.4618880000000e+02
1.4669640000000e+02
1.4720400000000e+02
1.4771160000000e+02
1.4821920000000e+02
1.4872680000000e+02
1.4923440000000e+02
1.4974200000000e+02
1.5024960000000e+02
1.5075720000000e+02
1.5126480000000e+02
1.5177240000000e+02
1.5228000000000e+02
1.5278760000000e+02
1.5329520000000e+02
1.5380280000000e+02
1.5431040000000e+02
1.5481800000000e+02
1.5532560000000e+02
1.5583320000000e+02
1.5634080000000e+02
1.5684840000000e+02
1.5735600000000e+02
1.5786360000000e+02
1.5837120000000e+02
1.5887880000000e+02
1.5938640000000e+02
1.5989400000000e+02
1.6040160000000e+02
1.6090920000000e+02
1.6141680000000e+02
1.6192440000000e+02
1.6243200000000e+02
1.6293960000000e+02
1.6344720000000e+02
1.6395480000000e+02
1.6446240000000e+02
1.6497000000000e+02
1.6547760000000e+02
1.6598520000000e+02
1.6649280000000e+02
1.6700040000000e+02
1.6750800000000e+02
1.6801560000000e+02
1.6852320000000e+02
1.6903080000000e+02
1.6953840000000e+02
1.7004600000000e+02
1.7055360000000e+02
1.7106120000000e+02
1.7156880000000e+02
1.7207640000000e+02
1.7258400000000e+02
1.7309160000000e+02
1.7359920000000e+02
1.7410680000000e+02
1.7461440000000e+02
1.7512200000000e+02
1.7562960000000e+02
1.7613720000000e+02
1.7664480000000e+02
1.7715240000000e+02
1.7766000000000e+02
1.7816760000000e+02
1.7867520000000e+02
1.7918280000000e+02
1.7969040000000e+02
1.8019800000000e+02
1.8070560000000e+02
1.8121320000000e+02
1.8172080000000e+02
1.8222840000000e+02
1.8273600000000e+02
1.8324360000000e+02
1.8375120000000e+02
1.8425880000000e+02
1.8476640000000e+02
1.8527400000000e+02
1.8578160000000e+02
1.8628920000000e+02
1.8679680000000e+02
1.8730440000000e+02
1.8781200000000e+02
1.8831960000000e+02
1.8882720000000e+02
1.8933480000000e+02
1.8984240000000e+02
1.9035000000000e+02
1.9085760000000e+02
1.9136520000000e+02
1.9187280000000e+02
1.9238040000000e+02
1.9288800000000e+02
1.9339560000000e+02
1.9390320000000e+02
1.9441080000000e+02
1.9491840000000e+02
1.9542600000000e+02
1.9593360000000e+02
1.9644120000000e+02
1.9694880000000e+02
1.9745640000000e+02
1.9796400000000e+02
1.9847160000000e+02
1.9897920000000e+02
1.9948680000000e+02
1.9999440000000e+02
2.0050200000000e+02
2.0100960000000e+02
2.0151720000000e+02
2.0202480000000e+02
2.0253240000000e+02
2.0304000000000e+02
2.0354760000000e+02
2.0405520000000e+02
2.0456280000000e+02
2.0507040000000e+02
2.0557800000000e+02
2.0608560000000e+02
2.0659320000000e+02
2.0710080000000e+02
2.0760840000000e+02
2.0811600000000e+02
2.0862360000000e+02
2.0913120000000e+02
2.0963880000000e+02
2.1014640000000e+02
2.1065400000000e+02
2.1116160000000e+02
2.1166920000000e+02
2.1217680000000e+02
2.1268440000000e+02
2.1319200000000e+02
2.1369960000000e+02
2.1420720000000e+02
2.1471480000000e+02
2.1522240000000e+02
2.1573000000000e+02
2.1623760000000e+02
2.1674520000000e+02
2.1725280000000e+02
2.1776040000000e+02
2.1826800000000e+02
2.1877560000000e+02
2.1928320000000e+02
2.1979080000000e+02
2.2029840000000e+02
2.2080600000000e+02
2.2131360000000e+02
2.2182120000000e+02
2.2232880000000e+02
2.2283640000000e+02
2.2334400000000e+02
2.2385160000000e+02
2.2435920000000e+02
2.2486680000000e+02
2.2537440000000e+02
2.2588200000000e+02
2.2638960000000e+02
2.2689720000000e+02
2.2740480000000e+02
2.2791240000000e+02
2.2842000000000e+02
2.2892760000000e+02
2.2943520000000e+02
2.2994280000000e+02
2.3045040000000e+02
2.3095800000000e+02
2.3146560000000e+02
2.3197320000000e+02
2.3248080000000e+02
2.3298840000000e+02
2.3349600000000e+02
2.3400360000000e+02
2.3451120000000e+02
2.3501880000000e+02
2.3552640000000e+02
2.3603400000000e+02
2.3654160000000e+02
2.3704920000000e+02
2.3755680000000e+02
2.3806440000000e+02
2.3857200000000e+02
2.3907960000000e+02
2.3958720000000e+02
2.4009480000000e+02
2.4060240000000e+02
2.4111000000000e+02
2.4161760000000e+02
2.4212520000000e+02
2.4263280000000e+02
2.4314040000000e+02
2.4364800000000e+02
2.4415560000000e+02
2.4466320000000e+02
2.4517080000000e+02
2.4567840000000e+02
2.4618600000000e+02
2.4669360000000e+02
2.4720120000000e+02
2.4770880000000e+02
2.4821640000000e+02
2.4872400000000e+02
2.4923160000000e+02
2.4973920000000e+02
2.5024680000000e+02
2.5075440000000e+02
2.5126200000000e+02
2.5176960000000e+02
2.5227720000000e+02
2.5278480000000e+02
2.5329240000000e+02
2.5380000000000e+02
2.5430760000000e+02
2.5481520000000e+02
2.5532280000000e+02
2.5583040000000e+02
2.5633800000000e+02
2.5684560000000e+02
2.5735320000000e+02
2.5786080000000e+02
2.5836840000000e+02
2.5887600000000e+02
2.5938360000000e+02
2.5989120000000e+02
2.6039880000000e+02
2.6090640000000e+02
2.6141400000000e+02
2.6192160000000e+02
2.6242920000000e+02
2.6293680000000e+02
2.6344440000000e+02
2.6395200000000e+02
2.6445960000000e+02
2.6496720000000e+02
2.6547480000000e+02
2.6598240000000e+02
2.6649000000000e+02
2.6699760000000e+02
2.6750520000000e+02
2.6801280000000e+02
2.6852040000000e+02
2.6902800000000e+02
2.6953560000000e+02
2.7004320000000e+02
2.7055080000000e+02
2.7105840000000e+02
2.7156600000000e+02
2.7207360000000e+02
2.7258120000000e+02
2.7308880000000e+02
2.7359640000000e+02
2.7410400000000e+02
2.7461160000000e+02
2.7511920000000e+02
2.7562680000000e+02
2.7613440000000e+02
2.7664200000000e+02
2.7714960000000e+02
2.7765720000000e+02
2.7816480000000e+02
2.7867240000000e+02
2.7918000000000e+02
2.7968760000000e+02
2.8019520000000e+02
2.8070280000000e+02
2.8121040000000e+02
2.8171800000000e+02
2.8222560000000e+02
2.8273320000000e+02
2.8324080000000e+02
2.8374840000000e+02
2.8425600000000e+02
2.8476360000000e+02
2.8527120000000e+02
2.8577880000000e+02
2.8628640000000e+02
2.8679400000000e+02
2.8730160000000e+02
2.8780920000000e+02
2.8831680000000e+02
2.8882440000000e+02
2.8933200000000e+02
2.8983960000000e+02
2.9034720000000e+02
2.9085480000000e+02
2.9136240000000e+02
2.9187000000000e+02
2.9237760000000e+02
2.9288520000000e+02
2.9339280000000e+02
2.9390040000000e+02
2.9440800000000e+02
2.9491560000000e+02
2.9542320000000e+02
2.9593080000000e+02
2.9643840000000e+02
2.9694600000000e+02
2.9745360000000e+02
2.9796120000000e+02
2.9846880000000e+02
2.9897640000000e+02
2.9948400000000e+02
2.9999160000000e+02
3.0049920000000e+02
3.0100680000000e+02
3.0151440000000e+02
3.0202200000000e+02
3.0252960000000e+02
3.0303720000000e+02
3.0354480000000e+02
3.0405240000000e+02
3.0456000000000e+02
3.0506760000000e+02
3.0557520000000e+02
3.0608280000000e+02
3.0659040000000e+02
3.0709800000000e+02
3.0760560000000e+02
3.0811320000000e+02
3.0862080000000e+02
3.0912840000000e+02
3.0963600000000e+02
3.1014360000000e+02
3.1065120000000e+02
3.1115880000000e+02
3.1166640000000e+02
3.1217400000000e+02
3.1268160000000e+02
3.1318920000000e+02
3.1369680000000e+02
3.1420440000000e+02
3.1471200000000e+02
3.1521960000000e+02
3.1572720000000e+02
3.1623480000000e+02
3.1674240000000e+02
3.1725000000000e+02
3.1775760000000e+02
3.1826520000000e+02
3.1877280000000e+02
3.1928040000000e+02
3.1978800000000e+02
3.2029560000000e+02
3.2080320000000e+02
3.2131080000000e+02
3.2181840000000e+02
3.2232600000000e+02
3.2283360000000e+02
3.2334120000000e+02
3.2384880000000e+02
3.2435640000000e+02
3.2486400000000e+02
3.2537160000000e+02
3.2587920000000e+02
3.2638680000000e+02
3.2689440000000e+02
3.2740200000000e+02
3.2790960000000e+02
3.2841720000000e+02
3.2892480000000e+02
3.2943240000000e+02
3.2994000000000e+02
3.3044760000000e+02
3.3095520000000e+02
3.3146280000000e+02
3.3197040000000e+02
3.3247800000000e+02
3.3298560000000e+02
3.3349320000000e+02
3.3400080000000e+02
3.3450840000000e+02
3.3501600000000e+02
3.3552360000000e+02
3.3603120000000e+02
3.3653880000000e+02
3.3704640000000e+02
3.3755400000000e+02
3.3806160000000e+02
3.3856920000000e+02
3.3907680000000e+02
3.3958440000000e+02
3.4009200000000e+02
3.4059960000000e+02
3.4110720000000e+02
3.4161480000000e+02
3.4212240000000e+02
3.4263000000000e+02
3.4313760000000e+02
3.4364520000000e+02
3.4415280000000e+02
3.4466040000000e+02
3.4516800000000e+02
3.4567560000000e+02
3.4618320000000e+02
3.4669080000000e+02
3.4719840000000e+02
3.4770600000000e+02
3.4821360000000e+02
3.4872120000000e+02
3.4922880000000e+02
3.4973640000000e+02
3.5024400000000e+02
3.5075160000000e+02
3.5125920000000e+02
3.5176680000000e+02
3.5227440000000e+02
3.5278200000000e+02
3.5328960000000e+02
3.5379720000000e+02
3.5430480000000e+02
3.5481240000000e+02
3.5532000000000e+02
3.5582760000000e+02
3.5633520000000e+02
3.5684280000000e+02
3.5735040000000e+02
3.5785800000000e+02
3.5836560000000e+02
3.5887320000000e+02
3.5938080000000e+02
3.5988840000000e+02
3.6039600000000e+02
3.6090360000000e+02
3.6141120000000e+02
3.6191880000000e+02
3.6242640000000e+02
3.6293400000000e+02
3.6344160000000e+02
3.6394920000000e+02
3.6445680000000e+02
3.6496440000000e+02
3.6547200000000e+02
3.6597960000000e+02
3.6648720000000e+02
3.6699480000000e+02
3.6750240000000e+02
3.6801000000000e+02
3.6851760000000e+02
3.6902520000000e+02
3.6953280000000e+02
3.7004040000000e+02
3.7054800000000e+02
3.7105560000000e+02
3.7156320000000e+02
3.7207080000000e+02
3.7257840000000e+02
3.7308600000000e+02
3.7359360000000e+02
3.7410120000000e+02
3.7460880000000e+02
3.7511640000000e+02
3.7562400000000e+02
3.7613160000000e+02
3.7663920000000e+02
3.7714680000000e+02
3.7765440000000e+02
3.7816200000000e+02
3.7866960000000e+02
3.7917720000000e+02
3.7968480000000e+02
3.8019240000000e+02
3.8070000000000e+02
3.8120760000000e+02
3.8171520000000e+02
3.8222280000000e+02
3.8273040000000e+02
3.8323800000000e+02
3.8374560000000e+02
3.8425320000000e+02
3.8476080000000e+02
3.8526840000000e+02
3.8577600000000e+02
3.8628360000000e+02
3.8679120000000e+02
3.8729880000000e+02
3.8780640000000e+02
3.8831400000000e+02
3.8882160000000e+02
3.8932920000001e+02
3.8983680000001e+02
3.9034440000001e+02
3.9085200000001e+02
3.9135960000001e+02
3.9186720000001e+02
3.9237480000001e+02
3.9288240000001e+02
3.9339000000001e+02
3.9389760000001e+02
3.9440520000001e+02
3.9491280000001e+02
3.9542040000001e+02
3.9592800000001e+02
3.9643560000001e+02
3.9694320000001e+02
3.9745080000001e+02
3.9795840000001e+02
3.9846600000001e+02
3.9897360000001e+02
3.9948120000001e+02
3.9998880000001e+02
4.0049640000001e+02
4.0100400000001e+02
4.0151160000001e+02
4.0201920000001e+02
4.0252680000001e+02
4.0303440000001e+02
4.0354200000001e+02
4.0404960000001e+02
4.0455720000001e+02
4.0506480000001e+02
4.0557240000001e+02
4.0608000000001e+02
4.0658760000001e+02
4.0709520000001e+02
4.0760280000001e+02
4.0811040000001e+02
4.0861800000001e+02
4.0912560000001e+02
4.0963320000001e+02
4.1014080000001e+02
4.1064840000001e+02
4.1115600000001e+02
4.1166360000001e+02
4.1217120000001e+02
4.1267880000001e+02
4.1318640000001e+02
4.1369400000001e+02
4.1420160000001e+02
4.1470920000001e+02
4.1521680000001e+02
4.1572440000001e+02
4.1623200000001e+02
4.1673960000001e+02
4.1724720000001e+02
4.1775480000001e+02
4.1826240000001e+02
4.1877000000001e+02
4.1927760000001e+02
4.1978520000001e+02
4.2029280000001e+02
4.2080040000001e+02
4.2130800000001e+02
4.2181560000001e+02
4.2232320000001e+02
4.2283080000001e+02
4.2333840000001e+02
4.2384600000001e+02
4.2435360000001e+02
4.2486120000001e+02
4.2536880000001e+02
4.2587640000001e+02
4.2638400000001e+02
4.2689160000001e+02
4.2739920000001e+02
4.2790680000001e+02
4.2841440000001e+02
4.2892200000001e+02
4.2942960000001e+02
4.2993720000001e+02
4.3044480000001e+02
4.3095240000001e+02
4.3146000000001e+02
4.3196760000001e+02
4.3247520000001e+02
4.3298280000001e+02
4.3349040000001e+02
4.3399800000001e+02
4.3450560000001e+02
4.3501320000001e+02
4.3552080000001e+02
4.3602840000001e+02
4.3653600000001e+02
4.3704360000001e+02
4.3755120000001e+02
4.3805880000001e+02
4.3856640000001e+02
4.3907400000001e+02
4.3958160000001e+02
4.4008920000001e+02
4.4059680000001e+02
4.4110440000001e+02
4.4161200000001e+02
4.4211960000001e+02
4.4262720000001e+02
4.4313480000001e+02
4.4364240000001e+02
4.4415000000001e+02
4.4465760000001e+02
4.4516520000001e+02
4.4567280000001e+02
4.4618040000001e+02
4.4668800000001e+02
4.4719560000001e+02
4.4770320000001e+02
4.4821080000001e+02
4.4871840000001e+02
4.4922600000001e+02
4.4973360000001e+02
4.5024120000001e+02
4.5074880000001e+02
4.5125640000001e+02
4.5176400000001e+02
4.5227160000001e+02
4.5277920000001e+02
4.5328680000001e+02
4.5379440000001e+02
4.5430200000001e+02
4.5480960000001e+02
4.5531720000001e+02
4.5582480000001e+02
4.5633240000001e+02
4.5684000000001e+02
4.5734760000001e+02
4.5785520000001e+02
4.5836280000001e+02
4.5887040000001e+02
4.5937800000001e+02
4.5988560000001e+02
4.6039320000001e+02
4.6090080000001e+02
4.6140840000001e+02
4.6191600000001e+02
4.6242360000001e+02
4.6293120000001e+02
4.6343880000001e+02
4.6394640000001e+02
4.6445400000001e+02
4.6496160000001e+02
4.6546920000001e+02
4.6597680000001e+02
4.6648440000001e+02
4.6699200000001e+02
4.6749960000001e+02
4.6800720000001e+02
4.6851480000001e+02
4.6902240000001e+02
4.6953000000001e+02
4.7003760000001e+02
4.7054520000001e+02
4.7105280000001e+02
4.7156040000001e+02
4.7206800000001e+02
4.7257560000001e+02
4.7308320000001e+02
4.7359080000001e+02
4.7409840000001e+02
4.7460600000001e+02
4.7511360000001e+02
4.7562120000001e+02
4.7612880000001e+02
4.7663640000001e+02
4.7714400000001e+02
4.7765160000001e+02
4.7815920000001e+02
4.7866680000001e+02
4.7917440000001e+02
4.7968200000001e+02
4.8018960000001e+02
4.8069720000001e+02
4.8120480000001e+02
4.8171240000001e+02
4.8222000000001e+02
4.8272760000001e+02
4.8323520000001e+02
4.8374280000001e+02
4.8425040000001e+02
4.8475800000001e+02
4.8526560000001e+02
4.8577320000001e+02
4.8628080000001e+02
4.8678840000001e+02
4.8729600000001e+02
4.8780360000001e+02
4.8831120000001e+02
4.8881880000001e+02
4.8932640000001e+02
4.8983400000001e+02
4.9034160000001e+02
4.9084920000001e+02
4.9135680000001e+02
4.9186440000001e+02
4.9237200000001e+02
4.9287960000001e+02
4.9338720000001e+02
4.9389480000001e+02
4.9440240000001e+02
4.9491000000001e+02
4.9541760000001e+02
4.9592520000001e+02
4.9643280000001e+02
4.9694040000001e+02
4.9744800000001e+02
4.9795560000001e+02
4.9846320000001e+02
4.9897080000001e+02
4.9947840000001e+02
4.9998600000001e+02
5.0049360000001e+02
5.0100120000001e+02
5.0150880000001e+02
5.0201640000001e+02
5.0252400000001e+02
5.0303160000001e+02
5.0353920000001e+02
5.0404680000001e+02
5.0455440000001e+02
5.0506200000001e+02
5.0556960000001e+02
5.0607720000001e+02
5.0658480000001e+02
5.0709240000001e+02
5.0760000000001e+02
5.0810760000001e+02
5.0861520000001e+02
5.0912280000001e+02
5.0963040000001e+02
5.1013800000001e+02
5.1064560000001e+02
5.1115320000001e+02
5.1166080000001e+02
5.1216840000001e+02
5.1267600000001e+02
5.1318360000001e+02
5.1369120000001e+02
5.1419880000001e+02
5.1470640000001e+02
5.1521400000001e+02
5.1572160000001e+02
5.1622920000001e+02
5.1673680000001e+02
5.1724440000001e+02
5.1775200000001e+02
5.1825960000001e+02
5.1876720000001e+02
5.1927480000001e+02
5.1978240000001e+02
5.2029000000001e+02
5.2079760000001e+02
5.2130520000001e+02
5.2181280000001e+02
5.2232040000001e+02
5.2282800000001e+02
5.2333560000001e+02
5.2384320000001e+02
5.2435080000001e+02
5.2485840000001e+02
5.2536600000001e+02
5.2587360000001e+02
5.2638120000001e+02
5.2688880000001e+02
5.2739640000001e+02
5.2790400000001e+02
5.2841160000001e+02
5.2891920000001e+02
5.2942680000001e+02
5.2993440000001e+02
5.3044200000001e+02
5.3094960000001e+02
5.3145720000001e+02
5.3196480000001e+02
5.3247240000001e+02
5.3298000000001e+02
5.3348760000001e+02
5.3399520000001e+02
5.3450280000001e+02
5.3501040000001e+02
5.3551800000001e+02
5.3602560000001e+02
5.3653320000001e+02
5.3704080000001e+02
5.3754840000001e+02
5.3805600000001e+02
5.3856360000001e+02
5.3907120000001e+02
5.3957880000001e+02
5.4008640000001e+02
5.4059400000001e+02
5.4110160000001e+02
5.4160920000001e+02
5.4211680000001e+02
5.4262440000001e+02
5.4313200000001e+02
5.4363960000001e+02
5.4414720000001e+02
5.4465480000001e+02
5.4516240000001e+02
5.4567000000001e+02
5.4617760000001e+02
5.4668520000001e+02
5.4719280000001e+02
5.4770040000001e+02
5.4820800000001e+02
5.4871560000001e+02
5.4922320000001e+02
5.4973080000001e+02
5.5023840000001e+02
5.5074600000001e+02
5.5125360000001e+02
5.5176120000001e+02
5.5226880000001e+02
5.5277640000001e+02
5.5328400000001e+02
5.5379160000001e+02
5.5429920000001e+02
5.5480680000001e+02
5.5531440000001e+02
5.5582200000001e+02
5.5632960000001e+02
5.5683720000001e+02
5.5734480000001e+02
5.5785240000001e+02
5.5836000000001e+02
5.5886760000001e+02
5.5937520000001e+02
5.5988280000001e+02
5.6039040000001e+02
5.6089800000001e+02
5.6140560000001e+02
5.6191320000001e+02
5.6242080000001e+02
5.6292840000001e+02
5.6343600000001e+02
5.6394360000001e+02
5.6445120000001e+02
5.6495880000001e+02
5.6546640000001e+02
5.6597400000001e+02
5.6648160000001e+02
5.6698920000001e+02
5.6749680000001e+02
5.6800440000001e+02
5.6851200000001e+02
5.6901960000001e+02
5.6952720000001e+02
5.7003480000001e+02
5.7054240000001e+02
5.7105000000001e+02
5.7155760000001e+02
5.7206520000001e+02
5.7257280000001e+02
5.7308040000001e+02
5.7358800000001e+02
5.7409560000001e+02
5.7460320000001e+02
5.7511080000001e+02
5.7561840000001e+02
5.7612600000001e+02
5.7663360000001e+02
5.7714120000001e+02
5.7764880000001e+02
5.7815640000001e+02
5.7866400000001e+02
5.7917160000001e+02
5.7967920000001e+02
5.8018680000001e+02
5.8069440000001e+02
5.8120200000001e+02
5.8170960000001e+02
5.8221720000001e+02
5.8272480000001e+02
5.8323240000001e+02
5.8374000000001e+02
5.8424760000001e+02
5.8475520000001e+02
5.8526280000001e+02
5.8577040000001e+02
5.8627800000001e+02
5.8678560000001e+02
5.8729320000001e+02
5.8780080000001e+02
5.8830840000001e+02
5.8881600000001e+02
5.8932360000001e+02
5.8983120000001e+02
5.9033880000001e+02
5.9084640000001e+02
5.9135400000001e+02
5.9186160000001e+02
5.9236920000001e+02
5.9287680000002e+02
5.9338440000002e+02
5.9389200000002e+02
5.9439960000002e+02
5.9490720000002e+02
5.9541480000002e+02
5.9592240000002e+02
5.9643000000002e+02
5.9693760000002e+02
5.9744520000002e+02
5.9795280000002e+02
5.9846040000002e+02
5.9896800000002e+02
5.9947560000002e+02
5.9998320000002e+02
6.0049080000002e+02
6.0099840000002e+02
6.0150600000002e+02
6.0201360000002e+02
6.0252120000002e+02
6.0302880000002e+02
6.0353640000002e+02
6.0404400000002e+02
6.0455160000002e+02
6.0505920000002e+02
6.0556680000002e+02
6.0607440000002e+02
6.0658200000002e+02
6.0708960000002e+02
6.0759720000002e+02
6.0810480000002e+02
6.0861240000002e+02
6.0912000000002e+02
6.0962760000002e+02
6.1013520000002e+02
6.1064280000002e+02
6.1115040000002e+02
6.1165800000002e+02
6.1216560000002e+02
6.1267320000002e+02
6.1318080000002e+02
6.1368840000002e+02
6.1419600000002e+02
6.1470360000002e+02
6.1521120000002e+02
6.1571880000002e+02
6.1622640000002e+02
6.1673400000002e+02
6.1724160000002e+02
6.1774920000002e+02
6.1825680000002e+02
6.1876440000002e+02
6.1927200000002e+02
6.1977960000002e+02
6.2028720000002e+02
6.2079480000002e+02
6.2130240000002e+02
6.2181000000002e+02
6.2231760000002e+02
6.2282520000002e+02
6.2333280000002e+02
6.2384040000002e+02
6.2434800000002e+02
6.2485560000002e+02
6.2536320000002e+02
6.2587080000002e+02
6.2637840000002e+02
6.2688600000002e+02
6.2739360000002e+02
6.2790120000002e+02
6.2840880000002e+02
6.2891640000002e+02
6.2942400000002e+02
6.2993160000002e+02
6.3043920000002e+02
6.3094680000002e+02
6.3145440000002e+02
6.3196200000002e+02
6.3246960000002e+02
6.3297720000002e+02
6.3348480000002e+02
6.3399240000002e+02
6.3450000000002e+02
6.3500760000002e+02
6.3551520000002e+02
6.3602280000002e+02
6.3653040000002e+02
6.3703800000002e+02
6.3754560000002e+02
6.3805320000002e+02
6.3856080000002e+02
6.3906840000002e+02
6.3957600000002e+02
6.4008360000002e+02
6.4059120000002e+02
6.4109880000002e+02
6.4160640000002e+02
6.4211400000002e+02
6.4262160000002e+02
6.4312920000002e+02
6.4363680000002e+02
6.4414440000002e+02
6.4465200000002e+02
6.4515960000002e+02
6.4566720000002e+02
6.4617480000002e+02
6.4668240000002e+02
6.4719000000002e+02
6.4769760000002e+02
6.4820520000002e+02
6.4871280000002e+02
6.4922040000002e+02
6.4972800000002e+02
6.5023560000002e+02
6.5074320000002e+02
6.5125080000002e+02
6.5175840000002e+02
6.5226600000002e+02
6.5277360000002e+02
6.5328120000002e+02
6.5378880000002e+02
6.5429640000002e+02
6.5480400000002e+02
6.5531160000002e+02
6.5581920000002e+02
6.5632680000002e+02
6.5683440000002e+02
6.5734200000002e+02
6.5784960000002e+02
6.5835720000002e+02
6.5886480000002e+02
6.5937240000002e+02
6.5988000000002e+02
6.6038760000002e+02
6.6089520000002e+02
6.6140280000002e+02
6.6191040000002e+02
6.6241800000002e+02
6.6292560000002e+02
6.6343320000002e+02
6.6394080000002e+02
6.6444840000002e+02
6.6495600000002e+02
6.6546360000002e+02
6.6597120000002e+02
6.6647880000002e+02
6.6698640000002e+02
6.6749400000002e+02
6.6800160000002e+02
6.6850920000002e+02
6.6901680000002e+02
6.6952440000002e+02
6.7003200000002e+02
6.7053960000002e+02
6.7104720000002e+02
6.7155480000002e+02
6.7206240000002e+02
6.7257000000002e+02
6.7307760000002e+02
6.7358520000002e+02
6.7409280000002e+02
6.7460040000002e+02
6.7510800000002e+02
6.7561560000002e+02
6.7612320000002e+02
6.7663080000002e+02
6.7713840000002e+02
6.7764600000002e+02
6.7815360000002e+02
6.7866120000002e+02
6.7916880000002e+02
6.7967640000002e+02
6.8018400000002e+02
6.8069160000002e+02
6.8119920000002e+02
6.8170680000002e+02
6.8221440000002e+02
6.8272200000002e+02
6.8322960000002e+02
6.8373720000002e+02
6.8424480000002e+02
6.8475240000002e+02
6.8526000000002e+02
6.8576760000002e+02
6.8627520000002e+02
6.8678280000002e+02
6.8729040000002e+02
6.8779800000002e+02
6.8830560000002e+02
6.8881320000002e+02
6.8932080000002e+02
6.8982840000002e+02
6.9033600000002e+02
6.9084360000002e+02
6.9135120000002e+02
6.9185880000002e+02
6.9236640000002e+02
6.9287400000002e+02
6.9338160000002e+02
6.9388920000002e+02
6.9439680000002e+02
6.9490440000002e+02
6.9541200000002e+02
6.9591960000002e+02
6.9642720000002e+02
6.9693480000002e+02
6.9744240000002e+02
6.9795000000002e+02
6.9845760000002e+02
6.9896520000002e+02
6.9947280000002e+02
6.9998040000002e+02
7.0048800000002e+02
7.0099560000002e+02
7.0150320000002e+02
7.0201080000002e+02
7.0251840000002e+02
7.0302600000002e+02
7.0353360000002e+02
7.0404120000002e+02
7.0454880000002e+02
7.0505640000002e+02
7.0556400000002e+02
7.0607160000002e+02
7.0657920000002e+02
7.0708680000002e+02
7.0759440000002e+02
7.0810200000002e+02
7.0860960000002e+02
7.0911720000002e+02
7.0962480000002e+02
7.1013240000002e+02
7.1064000000002e+02
7.1114760000002e+02
7.1165520000002e+02
7.1216280000002e+02
7.1267040000002e+02
7.1317800000002e+02
7.1368560000002e+02
7.1419320000002e+02
7.1470080000002e+02
7.1520840000002e+02
7.1571600000002e+02
7.1622360000002e+02
7.1673120000002e+02
7.1723880000002e+02
7.1774640000002e+02
7.1825400000002e+02
7.1876160000002e+02
7.1926920000002e+02
7.1977680000002e+02
7.2028440000002e+02
7.2079200000002e+02
7.2129960000002e+02
7.2180720000002e+02
7.2231480000002e+02
7.2282240000002e+02
7.2333000000002e+02
7.2383760000002e+02
7.2434520000002e+02
7.2485280000002e+02
7.2536040000002e+02
7.2586800000002e+02
7.2637560000002e+02
7.2688320000002e+02
7.2739080000002e+02
7.2789840000002e+02
7.2840600000002e+02
7.2891360000002e+02
7.2942120000002e+02
7.2992880000002e+02
7.3043640000002e+02
7.3094400000002e+02
7.3145160000002e+02
7.3195920000002e+02
7.3246680000002e+02
7.3297440000002e+02
7.3348200000002e+02
7.3398960000002e+02
7.3449720000002e+02
7.3500480000002e+02
7.3551240000002e+02
7.3602000000002e+02
7.3652760000002e+02
7.3703520000002e+02
7.3754280000002e+02
7.3805040000002e+02
7.3855800000002e+02
7.3906560000002e+02
7.3957320000002e+02
7.4008080000002e+02
7.4058840000002e+02
7.4109600000002e+02
7.4160360000002e+02
7.4211120000002e+02
7.4261880000002e+02
7.4312640000002e+02
7.4363400000002e+02
7.4414160000002e+02
7.4464920000002e+02
7.4515680000002e+02
7.4566440000002e+02
7.4617200000002e+02
7.4667960000002e+02
7.4718720000002e+02
7.4769480000002e+02
7.4820240000002e+02
7.4871000000002e+02
7.4921760000002e+02
7.4972520000002e+02
7.5023280000002e+02
7.5074040000002e+02
7.5124800000002e+02
7.5175560000002e+02
7.5226320000002e+02
7.5277080000002e+02
7.5327840000002e+02
7.5378600000002e+02
7.5429360000002e+02
7.5480120000002e+02
7.5530880000002e+02
7.5581640000002e+02
7.5632400000002e+02
7.5683160000002e+02
7.5733920000002e+02
7.5784680000002e+02
7.5835440000002e+02
7.5886200000002e+02
7.5936960000002e+02
7.5987720000002e+02
7.6038480000002e+02
7.6089240000002e+02
7.6140000000002e+02
7.6190760000002e+02
7.6241520000002e+02
7.6292280000002e+02
7.6343040000002e+02
7.6393800000002e+02
7.6444560000002e+02
7.6495320000002e+02
7.6546080000002e+02
7.6596840000002e+02
7.6647600000002e+02
7.6698360000002e+02
7.6749120000002e+02
7.6799880000002e+02
7.6850640000002e+02
7.6901400000002e+02
7.6952160000002e+02
7.7002920000002e+02
7.7053680000002e+02
7.7104440000002e+02
7.7155200000002e+02
7.7205960000002e+02
7.7256720000002e+02
7.7307480000002e+02
7.7358240000002e+02
7.7409000000002e+02
7.7459760000002e+02
7.7510520000002e+02
7.7561280000002e+02
7.7612040000002e+02
7.7662800000002e+02
7.7713560000002e+02
7.7764320000002e+02
7.7815080000002e+02
7.7865840000002e+02
7.7916600000002e+02
7.7967360000002e+02
7.8018120000002e+02
7.8068880000002e+02
7.8119640000002e+02
7.8170400000002e+02
7.8221160000002e+02
7.8271920000002e+02
7.8322680000002e+02
7.8373440000002e+02
7.8424200000002e+02
7.8474960000002e+02
7.8525720000002e+02
7.8576480000002e+02
7.8627240000002e+02
7.8678000000002e+02
7.8728760000002e+02
7.8779520000002e+02
7.8830280000002e+02
7.8881040000002e+02
7.8931800000002e+02
7.8982560000002e+02
7.9033320000002e+02
7.9084080000002e+02
7.9134840000002e+02
7.9185600000002e+02
7.9236360000002e+02
7.9287120000002e+02
7.9337880000002e+02
7.9388640000002e+02
7.9439400000002e+02
7.9490160000002e+02
7.9540920000002e+02
7.9591680000002e+02
7.9642440000003e+02
7.9693200000003e+02
7.9743960000003e+02
7.9794720000003e+02
7.9845480000003e+02
7.9896240000003e+02
7.9947000000003e+02
7.9997760000003e+02
8.0048520000003e+02
8.0099280000003e+02
8.0150040000003e+02
8.0200800000003e+02
8.0251560000003e+02
8.0302320000003e+02
8.0353080000003e+02
8.0403840000003e+02
8.0454600000003e+02
8.0505360000003e+02
8.0556120000003e+02
8.0606880000003e+02
8.0657640000003e+02
8.0708400000003e+02
8.0759160000003e+02
8.0809920000003e+02
8.0860680000003e+02
8.0911440000003e+02
8.0962200000003e+02
8.1012960000003e+02
8.1063720000003e+02
8.1114480000003e+02
8.1165240000003e+02
8.1216000000003e+02
8.1266760000003e+02
8.1317520000003e+02
8.1368280000003e+02
8.1419040000003e+02
8.1469800000003e+02
8.1520560000003e+02
8.1571320000003e+02
8.1622080000003e+02
8.1672840000003e+02
8.1723600000003e+02
8.1774360000003e+02
8.1825120000003e+02
8.1875880000003e+02
8.1926640000003e+02
8.1977400000003e+02
8.2028160000003e+02
8.2078920000003e+02
8.2129680000003e+02
8.2180440000003e+02
8.2231200000003e+02
8.2281960000003e+02
8.2332720000003e+02
8.2383480000003e+02
8.2434240000003e+02
8.2485000000003e+02
8.2535760000003e+02
8.2586520000003e+02
8.2637280000003e+02
8.2688040000003e+02
8.2738800000003e+02
8.2789560000003e+02
8.2840320000003e+02
8.2891080000003e+02
8.2941840000003e+02
8.2992600000003e+02
8.3043360000003e+02
8.3094120000003e+02
8.3144880000003e+02
8.3195640000003e+02
8.3246400000003e+02
8.3297160000003e+02
8.3347920000003e+02
8.3398680000003e+02
8.3449440000003e+02
8.3500200000003e+02
8.3550960000003e+02
8.3601720000003e+02
8.3652480000003e+02
8.3703240000003e+02
8.3754000000003e+02
8.3804760000003e+02
8.3855520000003e+02
8.3906280000003e+02
8.3957040000003e+02
8.4007800000003e+02
8.4058560000003e+02
8.4109320000003e+02
8.4160080000003e+02
8.4210840000003e+02
8.4261600000003e+02
8.4312360000003e+02
8.4363120000003e+02
8.4413880000003e+02
8.4464640000003e+02
8.4515400000003e+02
8.4566160000003e+02
8.4616920000003e+02
8.4667680000003e+02
8.4718440000003e+02
8.4769200000003e+02
8.4819960000003e+02
8.4870720000003e+02
8.4921480000003e+02
8.4972240000003e+02
8.5023000000003e+02
8.5073760000003e+02
8.5124520000003e+02
8.5175280000003e+02
8.5226040000003e+02
8.5276800000003e+02
8.5327560000003e+02
8.5378320000003e+02
8.5429080000003e+02
8.5479840000003e+02
8.5530600000003e+02
8.5581360000003e+02
8.5632120000003e+02
8.5682880000003e+02
8.5733640000003e+02
8.5784400000003e+02
8.5835160000003e+02
8.5885920000003e+02
8.5936680000003e+02
8.5987440000003e+02
8.6038200000003e+02
8.6088960000003e+02
8.6139720000003e+02
8.6190480000003e+02
8.6241240000003e+02
8.6292000000003e+02
8.6342760000003e+02
8.6393520000003e+02
8.6444280000003e+02
8.6495040000003e+02
8.6545800000003e+02
8.6596560000003e+02
8.6647320000003e+02
8.6698080000003e+02
8.6748840000003e+02
8.6799600000003e+02
8.6850360000003e+02
8.6901120000003e+02
8.6951880000003e+02
8.7002640000003e+02
8.7053400000003e+02
8.7104160000003e+02
8.7154920000003e+02
8.7205680000003e+02
8.7256440000003e+02
8.7307200000003e+02
8.7357960000003e+02
8.7408720000003e+02
8.7459480000003e+02
8.7510240000003e+02
8.7561000000003e+02
8.7611760000003e+02
8.7662520000003e+02
8.7713280000003e+02
8.7764040000003e+02
8.7814800000003e+02
8.7865560000003e+02
8.7916320000003e+02
8.7967080000003e+02
8.8017840000003e+02
8.8068600000003e+02
8.8119360000003e+02
8.8170120000003e+02
8.8220880000003e+02
8.8271640000003e+02
8.8322400000003e+02
8.8373160000003e+02
8.8423920000003e+02
8.8474680000003e+02
8.8525440000003e+02
8.8576200000003e+02
8.8626960000003e+02
8.8677720000003e+02
8.8728480000003e+02
8.8779240000003e+02
8.8830000000003e+02
8.8880760000003e+02
8.8931520000003e+02
8.8982280000003e+02
8.9033040000003e+02
8.9083800000003e+02
8.9134560000003e+02
8.9185320000003e+02
8.9236080000003e+02
8.9286840000003e+02
8.9337600000003e+02
8.9388360000003e+02
8.9439120000003e+02
8.9489880000003e+02
8.9540640000003e+02
8.9591400000003e+02
8.9642160000003e+02
8.9692920000003e+02
8.9743680000003e+02
8.9794440000003e+02
8.9845200000003e+02
8.9895960000003e+02
8.9946720000003e+02
8.9997480000003e+02
9.0048240000003e+02
9.0099000000003e+02
9.0149760000003e+02
9.0200520000003e+02
9.0251280000003e+02
9.0302040000003e+02
9.0352800000003e+02
9.0403560000003e+02
9.0454320000003e+02
9.0505080000003e+02
9.0555840000003e+02
9.0606600000003e+02
9.0657360000003e+02
9.0708120000003e+02
9.0758880000003e+02
9.0809640000003e+02
9.0860400000003e+02
9.0911160000003e+02
9.0961920000003e+02
9.1012680000003e+02
9.1063440000003e+02
9.1114200000003e+02
9.1164960000003e+02
9.1215720000003e+02
9.1266480000003e+02
9.1317240000003e+02
9.1368000000003e+02
9.1418760000003e+02
9.1469520000003e+02
9.1520280000003e+02
9.1571040000003e+02
9.1621800000003e+02
9.1672560000003e+02
9.1723320000003e+02
9.1774080000003e+02
9.1824840000003e+02
9.1875600000003e+02
9.1926360000003e+02
9.1977120000003e+02
9.2027880000003e+02
9.2078640000003e+02
9.2129400000003e+02
9.2180160000003e+02
9.2230920000003e+02
9.2281680000003e+02
9.2332440000003e+02
9.2383200000003e+02
9.2433960000003e+02
9.2484720000003e+02
9.2535480000003e+02
9.2586240000003e+02
9.2637000000003e+02
9.2687760000003e+02
9.2738520000003e+02
9.2789280000003e+02
9.2840040000003e+02
9.2890800000003e+02
9.2941560000003e+02
9.2992320000003e+02
9.3043080000003e+02
9.3093840000003e+02
9.3144600000003e+02
9.3195360000003e+02
9.3246120000003e+02
9.3296880000003e+02
9.3347640000003e+02
9.3398400000003e+02
9.3449160000003e+02
9.3499920000003e+02
9.3550680000003e+02
9.3601440000003e+02
9.3652200000003e+02
9.3702960000003e+02
9.3753720000003e+02
9.3804480000003e+02
9.3855240000003e+02
9.3906000000003e+02
9.3956760000003e+02
9.4007520000003e+02
9.4058280000003e+02
9.4109040000003e+02
9.4159800000003e+02
9.4210560000003e+02
9.4261320000003e+02
9.4312080000003e+02
9.4362840000003e+02
9.4413600000003e+02
9.4464360000003e+02
9.4515120000003e+02
9.4565880000003e+02
9.4616640000003e+02
9.4667400000003e+02
9.4718160000003e+02
9.4768920000003e+02
9.4819680000003e+02
9.4870440000003e+02
9.4921200000003e+02
9.4971960000003e+02
9.5022720000003e+02
9.5073480000003e+02
9.5124240000003e+02
9.5175000000003e+02
9.5225760000003e+02
9.5276520000003e+02
9.5327280000003e+02
9.5378040000003e+02
9.5428800000003e+02
9.5479560000003e+02
9.5530320000003e+02
9.5581080000003e+02
9.5631840000003e+02
9.5682600000003e+02
9.5733360000003e+02
9.5784120000003e+02
9.5834880000003e+02
9.5885640000003e+02
9.5936400000003e+02
9.5987160000003e+02
9.6037920000003e+02
9.6088680000003e+02
9.6139440000003e+02
9.6190200000003e+02
9.6240960000003e+02
9.6291720000003e+02
9.6342480000003e+02
9.6393240000003e+02
9.6444000000003e+02
9.6494760000003e+02
9.6545520000003e+02
9.6596280000003e+02
9.6647040000003e+02
9.6697800000003e+02
9.6748560000003e+02
9.6799320000003e+02
9.6850080000003e+02
9.6900840000003e+02
9.6951600000003e+02
9.7002360000003e+02
9.7053120000003e+02
9.7103880000003e+02
9.7154640000003e+02
9.7205400000003e+02
9.7256160000003e+02
9.7306920000003e+02
9.7357680000003e+02
9.7408440000003e+02
9.7459200000003e+02
9.7509960000003e+02
9.7560720000003e+02
9.7611480000003e+02
9.7662240000003e+02
9.7713000000003e+02
9.7763760000003e+02
9.7814520000003e+02
9.7865280000003e+02
9.7916040000003e+02
9.7966800000003e+02
9.8017560000003e+02
9.8068320000003e+02
9.8119080000003e+02
9.8169840000003e+02
9.8220600000003e+02
9.8271360000003e+02
9.8322120000003e+02
9.8372880000003e+02
9.8423640000003e+02
9.8474400000003e+02
9.8525160000003e+02
9.8575920000003e+02
9.8626680000003e+02
9.8677440000003e+02
9.8728200000003e+02
9.8778960000003e+02
9.8829720000003e+02
9.8880480000003e+02
9.8931240000003e+02
9.8982000000003e+02
9.9032760000003e+02
9.9083520000003e+02
9.9134280000003e+02
9.9185040000003e+02
9.9235800000003e+02
9.9286560000003e+02
9.9337320000003e+02
9.9388080000003e+02
9.9438840000003e+02
9.9489600000003e+02
9.9540360000003e+02
9.9591120000003e+02
9.9641880000003e+02
9.9692640000003e+02
9.9743400000003e+02
9.9794160000003e+02
9.9844920000003e+02
9.9895680000003e+02
9.9946440000003e+02
9.9997200000003e+02
1.0004796000000e+03
1.0009872000000e+03
1.0014948000000e+03
1.0020024000000e+03
1.0025100000000e+03
1.0030176000000e+03
1.0035252000000e+03
1.0040328000000e+03
1.0045404000000e+03
1.0050480000000e+03
1.0055556000000e+03
1.0060632000000e+03
1.0065708000000e+03
1.0070784000000e+03
1.0075860000000e+03
1.0080936000000e+03
1.0086012000000e+03
1.0091088000000e+03
1.0096164000000e+03
1.0101240000000e+03
1.0106316000000e+03
1.0111392000000e+03
1.0116468000000e+03
1.0121544000000e+03
1.0126620000000e+03
1.0131696000000e+03
1.0136772000000e+03
1.0141848000000e+03
1.0146924000000e+03
1.0152000000000e+03
1.0157076000000e+03
1.0162152000000e+03
1.0167228000000e+03
1.0172304000000e+03
1.0177380000000e+03
1.0182456000000e+03
1.0187532000000e+03
1.0192608000000e+03
1.0197684000000e+03
1.0202760000000e+03
1.0207836000000e+03
1.0212912000000e+03
1.0217988000000e+03
1.0223064000000e+03
1.0228140000000e+03
1.0233216000000e+03
1.0238292000000e+03
1.0243368000000e+03
1.0248444000000e+03
1.0253520000000e+03
1.0258596000000e+03
1.0263672000000e+03
1.0268748000000e+03
1.0273824000000e+03
1.0278900000000e+03
1.0283976000000e+03
1.0289052000000e+03
1.0294128000000e+03
1.0299204000000e+03
1.0304280000000e+03
1.0309356000000e+03
1.0314432000000e+03
1.0319508000000e+03
1.0324584000000e+03
1.0329660000000e+03
1.0334736000000e+03
1.0339812000000e+03
1.0344888000000e+03
1.0349964000000e+03
1.0355040000000e+03
1.0360116000000e+03
1.0365192000000e+03
1.0370268000000e+03
1.0375344000000e+03
1.0380420000000e+03
1.0385496000000e+03
1.0390572000000e+03
1.0395648000000e+03
